 0.0000000000e+00  1.0000000000e+00  0.0000000000e+00  0.0000000000e+00  0.0000000000e+00  0.0000000000e+00  0.0000000000e+00
 3.0060120240e-02  9.9977411005e-01  1.5028362519e-02  1.1294284851e-04  5.6585658692e-07  2.1262386465e-09  6.3915470667e-12
 6.0120240481e-02  9.9909659328e-01  3.0046540961e-02  4.5166934438e-04  4.5260857675e-06  3.4015207469e-08  2.0450640524e-10
 9.0180360721e-02  9.9796790880e-01  4.5044358918e-02  1.0158734251e-03  1.5271226275e-05  1.7216308941e-07  1.5526781819e-09
 1.2024048096e-01  9.9638882142e-01  6.0011655312e-02  1.8050452745e-03  3.6184152762e-05  5.4394830677e-07  6.5412487694e-09
 1.5030060120e-01  9.9436040107e-01  7.4938292046e-02  2.8184717547e-03  7.0636252844e-05  1.3274588249e-06  1.9955543127e-08
 1.8036072144e-01  9.9188402199e-01  8.9814161633e-02  4.0552370102e-03  1.2198361505e-04  2.7512506323e-06  4.9635212772e-08
 2.1042084168e-01  9.8896136168e-01  1.0462919481e-01  5.5142232435e-03  1.9356323130e-04  5.0940376515e-06  1.0722874412e-07
 2.4048096192e-01  9.8559439967e-01  1.1937336810e-01  7.1941116621e-03  2.8868921746e-04  8.6843134085e-06  2.0894193340e-07
 2.7054108216e-01  9.8178541602e-01  1.3403671137e-01  9.0933835960e-03  4.1064905565e-04  1.3899904859e-05  3.7627913700e-07
 3.0060120240e-01  9.7753698958e-01  1.4860931534e-01  1.1210321783e-02  5.6269986183e-04  2.1167458841e-05  6.3677611425e-07
 3.3066132265e-01  9.7285199609e-01  1.6308133898e-01  1.3543011826e-02  7.4806468219e-04  3.0961861700e-05  1.0247232898e-06
 3.6072144289e-01  9.6773360596e-01  1.7744301699e-01  1.6089343811e-02  9.6992882186e-04  4.3805592691e-05  1.5818782733e-06
 3.9078156313e-01  9.6218528195e-01  1.9168466706e-01  1.8847014097e-02  1.2314362095e-03  6.0268011854e-05  2.3581664880e-06
 4.2084168337e-01  9.5621077651e-01  2.0579669719e-01  2.1813527268e-02  1.5356858012e-03  8.0964583090e-05  3.4123687704e-06
 4.5090180361e-01  9.4981412899e-01  2.1976961285e-01  2.4986198246e-02  1.8857280270e-03  1.0655603329e-04  4.8127948241e-06
 4.8096192385e-01  9.4299966259e-01  2.3359402417e-01  2.8362154563e-02  2.2845612835e-03  1.3774744839e-04  6.6379414203e-06
 5.1102204409e-01  9.3577198111e-01  2.4726065288e-01  3.1938338801e-02  2.7351284762e-03  1.7528730728e-04  8.9771342613e-06
 5.4108216433e-01  9.2813596549e-01  2.6076033938e-01  3.5711511176e-02  3.2403136140e-03  2.1996645464e-04  1.1931152439e-05
 5.7114228457e-01  9.2009677013e-01  2.7408404949e-01  3.9678252287e-02  3.8029384605e-03  2.7261701379e-04  1.5612834441e-05
 6.0120240481e-01  9.1165981906e-01  2.8722288128e-01  4.3834966011e-02  4.4257592436e-03  3.3411124061e-04  2.0147664682e-05
 6.3126252505e-01  9.0283080178e-01  3.0016807171e-01  4.8177882549e-02  5.1114634281e-03  4.0536031984e-04  2.5674339552e-05
 6.6132264529e-01  8.9361566909e-01  3.1291100314e-01  5.2703061623e-02  5.8626665532e-03  4.8731310509e-04  3.2345312013e-05
 6.9138276553e-01  8.8402062855e-01  3.2544320982e-01  5.7406395813e-02  6.6819091392e-03  5.8095480367e-04  4.0327313777e-05
 7.2144288577e-01  8.7405213982e-01  3.3775638416e-01  6.2283614036e-02  7.5716536646e-03  6.8730560791e-04  4.9801854153e-05
 7.5150300601e-01  8.6371690987e-01  3.4984238291e-01  6.7330285169e-02  8.5342816186e-03  8.0741927417e-04  6.0965694651e-05
 7.8156312625e-01  8.5302188789e-01  3.6169323324e-01  7.2541821799e-02  9.5720906298e-03  9.4238165131e-04  7.4031298480e-05
 8.1162324649e-01  8.4197426009e-01  3.7330113868e-01  7.7913484115e-02  1.0687291676e-02  1.0933091599e-03  8.9227254092e-05
 8.4168336673e-01  8.3058144434e-01  3.8465848484e-01  8.3440383922e-02  1.1882006373e-02  1.2613472242e-03  1.0679867197e-04
 8.7174348697e-01  8.1885108457e-01  3.9575784510e-01  8.9117488785e-02  1.3158264358e-02  1.4476686577e-03  1.2700755388e-04
 9.0180360721e-01  8.0679104509e-01  4.0659198609e-01  9.4939626292e-02  1.4518000746e-02  1.6534720055e-03  1.5013313379e-04
 9.3186372745e-01  7.9440940465e-01  4.1715387304e-01  1.0090148844e-01  1.5963053691e-02  1.8799798434e-03  1.7647218986e-04
 9.6192384770e-01  7.8171445044e-01  4.2743667491e-01  1.0699763614e-01  1.7495162032e-02  2.1284370371e-03  2.0633932671e-04
 9.9198396794e-01  7.6871467184e-01  4.3743376948e-01  1.1322250381e-01  1.9115963033e-02  2.4001089626e-03  2.4006722733e-04
 1.0220440882e+00  7.5541875411e-01  4.4713874818e-01  1.1957040410e-01  2.0826990225e-02  2.6962796895e-03  2.7800687412e-04
 1.0521042084e+00  7.4183557188e-01  4.5654542077e-01  1.2603553275e-01  2.2629671346e-02  3.0182501301e-03  3.2052773839e-04
 1.0821643287e+00  7.2797418253e-01  4.6564781986e-01  1.3261197343e-01  2.4525326378e-02  3.3673361550e-03  3.6801793782e-04
 1.1122244489e+00  7.1384381940e-01  4.7444020526e-01  1.3929370284e-01  2.6515165693e-02  3.7448666784e-03  4.2088436137e-04
 1.1422845691e+00  6.9945388492e-01  4.8291706813e-01  1.4607459578e-01  2.8600288300e-02  4.1521817146e-03  4.7955276124e-04
 1.1723446894e+00  6.8481394360e-01  4.9107313501e-01  1.5294843031e-01  3.0781680200e-02  4.5906304075e-03  5.4446781139e-04
 1.2024048096e+00  6.6993371487e-01  4.9890337152e-01  1.5990889310e-01  3.3060212853e-02  5.0615690358e-03  6.1609313227e-04
 1.2324649299e+00  6.5482306586e-01  5.0640298608e-01  1.6694958473e-01  3.5436641747e-02  5.5663589960e-03  6.9491128144e-04
 1.2625250501e+00  6.3949200404e-01  5.1356743324e-01  1.7406402512e-01  3.7911605087e-02  6.1063647649e-03  7.8142370975e-04
 1.2925851703e+00  6.2395066979e-01  5.2039241695e-01  1.8124565907e-01  4.0485622592e-02  6.6829518442e-03  8.7615068287e-04
 1.3226452906e+00  6.0820932883e-01  5.2687389357e-01  1.8848786176e-01  4.3159094407e-02  7.2974846892e-03  9.7963116793e-04
 1.3527054108e+00  5.9227836460e-01  5.3300807473e-01  1.9578394440e-01  4.5932300132e-02  7.9513246246e-03  1.0924226851e-03
 1.3827655311e+00  5.7616827057e-01  5.3879142991e-01  2.0312715994e-01  4.8805397963e-02  8.6458277481e-03  1.2151011239e-03
 1.4128256513e+00  5.5988964241e-01  5.4422068892e-01  2.1051070871e-01  5.1778423958e-02  9.3823428256e-03  1.3482605244e-03
 1.4428857715e+00  5.4345317016e-01  5.4929284408e-01  2.1792774426e-01  5.4851291409e-02  1.0162209180e-02  1.4925128232e-03
 1.4729458918e+00  5.2686963030e-01  5.5400515227e-01  2.2537137917e-01  5.8023790348e-02  1.0986754575e-02  1.6484875636e-03
 1.5030060120e+00  5.1014987777e-01  5.5835513673e-01  2.3283469084e-01  6.1295587159e-02  1.1857293098e-02  1.8168315710e-03
 1.5330661323e+00  4.9330483793e-01  5.6234058867e-01  2.4031072742e-01  6.4666224317e-02  1.2775123040e-02  1.9982085932e-03
 1.5631262525e+00  4.7634549850e-01  5.6595956865e-01  2.4779251370e-01  6.8135120246e-02  1.3741524784e-02  2.1932989049e-03
 1.5931863727e+00  4.5928290144e-01  5.6921040777e-01  2.5527305700e-01  7.1701569297e-02  1.4757758692e-02  2.4027988785e-03
 1.6232464930e+00  4.4212813478e-01  5.7209170865e-01  2.6274535316e-01  7.5364741847e-02  1.5825063005e-02  2.6274205193e-03
 1.6533066132e+00  4.2489232449e-01  5.7460234616e-01  2.7020239244e-01  7.9123684521e-02  1.6944651748e-02  2.8678909666e-03
 1.6833667335e+00  4.0758662624e-01  5.7674146801e-01  2.7763716552e-01  8.2977320528e-02  1.8117712648e-02  3.1249519609e-03
 1.7134268537e+00  3.9022221723e-01  5.7850849507e-01  2.8504266941e-01  8.6924450127e-02  1.9345405070e-02  3.3993592773e-03
 1.7434869739e+00  3.7281028796e-01  5.7990312146e-01  2.9241191344e-01  9.0963751209e-02  2.0628857966e-02  3.6918821254e-03
 1.7735470942e+00  3.5536203400e-01  5.8092531449e-01  2.9973792516e-01  9.5093779995e-02  2.1969167841e-02  4.0033025167e-03
 1.8036072144e+00  3.3788864783e-01  5.8157531436e-01  3.0701375631e-01  9.9312971861e-02  2.3367396747e-02  4.3344145989e-03
 1.8336673347e+00  3.2040131059e-01  5.8185363362e-01  3.1423248870e-01  1.0361964228e-01  2.4824570292e-02  4.6860239592e-03
 1.8637274549e+00  3.0291118394e-01  5.8176105647e-01  3.2138724010e-01  1.0801198787e-01  2.6341675684e-02  5.0589468952e-03
 1.8937875752e+00  2.8542940189e-01  5.8129863779e-01  3.2847117008e-01  1.1248808758e-01  2.7919659793e-02  5.4540096564e-03
 1.9238476954e+00  2.6796706269e-01  5.8046770201e-01  3.3547748586e-01  1.1704590400e-01  2.9559427252e-02  5.8720476542e-03
 1.9539078156e+00  2.5053522074e-01  5.7926984177e-01  3.4239944807e-01  1.2168328473e-01  3.1261838588e-02  6.3139046437e-03
 1.9839679359e+00  2.3314487856e-01  5.7770691631e-01  3.4923037647e-01  1.2639796393e-01  3.3027708378e-02  6.7804318759e-03
 2.0140280561e+00  2.1580697878e-01  5.7578104973e-01  3.5596365568e-01  1.3118756394e-01  3.4857803462e-02  7.2724872223e-03
 2.0440881764e+00  1.9853239624e-01  5.7349462901e-01  3.6259274078e-01  1.3604959706e-01  3.6752841171e-02  7.7909342728e-03
 2.0741482966e+00  1.8133193009e-01  5.7085030182e-01  3.6911116288e-01  1.4098146735e-01  3.8713487617e-02  8.3366414069e-03
 2.1042084168e+00  1.6421629602e-01  5.6785097416e-01  3.7551253466e-01  1.4598047268e-01  4.0740356011e-02  8.9104808390e-03
 2.1342685371e+00  1.4719611849e-01  5.6449980774e-01  3.8179055581e-01  1.5104380671e-01  4.2834005031e-02  9.5133276404e-03
 2.1643286573e+00  1.3028192313e-01  5.6080021726e-01  3.8793901838e-01  1.5616856115e-01  4.4994937243e-02  1.0146058737e-02
 2.1943887776e+00  1.1348412915e-01  5.5675586739e-01  3.9395181209e-01  1.6135172798e-01  4.7223597557e-02  1.0809551883e-02
 2.2244488978e+00  9.6813041885e-02  5.5237066963e-01  3.9982292955e-01  1.6659020188e-01  4.9520371748e-02  1.1504684617e-02
 2.2545090180e+00  8.0278845415e-02  5.4764877896e-01  4.0554647139e-01  1.7188078272e-01  5.1885585020e-02  1.2232333193e-02
 2.2845691383e+00  6.3891595313e-02  5.4259459028e-01  4.1111665127e-01  1.7722017808e-01  5.4319500629e-02  1.2993371496e-02
 2.3146292585e+00  4.7661211477e-02  5.3721273472e-01  4.1652780086e-01  1.8260500599e-01  5.6822318560e-02  1.3788669935e-02
 2.3446893788e+00  3.1597471092e-02  5.3150807571e-01  4.2177437469e-01  1.8803179768e-01  5.9394174261e-02  1.4619094322e-02
 2.3747494990e+00  1.5710001707e-02  5.2548570492e-01  4.2685095484e-01  1.9349700045e-01  6.2035137436e-02  1.5485504735e-02
 2.4048096192e+00  8.2744376358e-06  5.1915093800e-01  4.3175225566e-01  1.9899698059e-01  6.4745210908e-02  1.6388754363e-02
 2.4348697395e+00 -1.5498402701e-02  5.1250931014e-01  4.3647312823e-01  2.0452802644e-01  6.7524329525e-02  1.7329688341e-02
 2.4649298597e+00 -3.0800891325e-02  5.0556657151e-01  4.4100856480e-01  2.1008635152e-01  7.0372359152e-02  1.8309142572e-02
 2.4949899800e+00 -4.5890229072e-02  4.9832868250e-01  4.4535370308e-01  2.1566809769e-01  7.3289095712e-02  1.9327942534e-02
 2.5250501002e+00 -6.0757635850e-02  4.9080180879e-01  4.4950383043e-01  2.2126933846e-01  7.6274264301e-02  2.0386902083e-02
 2.5551102204e+00 -7.5394519929e-02  4.8299231630e-01  4.5345438791e-01  2.2688608233e-01  7.9327518369e-02  2.1486822242e-02
 2.5851703407e+00 -8.9792483883e-02  4.7490676599e-01  4.5720097416e-01  2.3251427620e-01  8.2448438972e-02  2.2628489986e-02
 2.6152304609e+00 -1.0394333038e-01  4.6655190845e-01  4.6073934925e-01  2.3814980887e-01  8.5636534091e-02  2.3812677022e-02
 2.6452905812e+00 -1.1783906777e-01  4.5793467846e-01  4.6406543831e-01  2.4378851462e-01  8.8891238024e-02  2.5040138561e-02
 2.6753507014e+00 -1.3147191560e-01  4.4906218930e-01  4.6717533502e-01  2.4942617677e-01  9.2211910853e-02  2.6311612089e-02
 2.7054108216e+00 -1.4483430983e-01  4.3994172701e-01  4.7006530505e-01  2.5505853143e-01  9.5597837979e-02  2.7627816136e-02
 2.7354709419e+00 -1.5791890795e-01  4.3058074445e-01  4.7273178924e-01  2.6068127118e-01  9.9048229734e-02  2.8989449043e-02
 2.7655310621e+00 -1.7071859395e-01  4.2098685531e-01  4.7517140670e-01  2.6629004887e-01  1.0256222107e-01  3.0397187734e-02
 2.7955911824e+00 -1.8322648299e-01  4.1116782798e-01  4.7738095777e-01  2.7188048150e-01  1.0613887133e-01  3.1851686488e-02
 2.8256513026e+00 -1.9543592603e-01  4.0113157925e-01  4.7935742680e-01  2.7744815401e-01  1.0977716406e-01  3.3353575713e-02
 2.8557114228e+00 -2.0734051414e-01  3.9088616798e-01  4.8109798476e-01  2.8298862331e-01  1.1347600695e-01  3.4903460725e-02
 2.8857715431e+00 -2.1893408270e-01  3.8043978863e-01  4.8259999176e-01  2.8849742217e-01  1.1723423184e-01  3.6501920543e-02
 2.9158316633e+00 -2.3021071537e-01  3.6980076469e-01  4.8386099933e-01  2.9397006326e-01  1.2105059475e-01  3.8149506680e-02
 2.9458917836e+00 -2.4116474788e-01  3.5897754204e-01  4.8487875261e-01  2.9940204314e-01  1.2492377607e-01  3.9846741947e-02
 2.9759519038e+00 -2.5179077160e-01  3.4797868220e-01  4.8565119236e-01  3.0478884639e-01  1.2885238076e-01  4.1594119275e-02
 3.0060120240e+00 -2.6208363689e-01  3.3681285549e-01  4.8617645674e-01  3.1012594961e-01  1.3283493869e-01  4.3392100543e-02
 3.0360721443e+00 -2.7203845632e-01  3.2548883419e-01  4.8645288306e-01  3.1540882561e-01  1.3686990497e-01  4.5241115419e-02
 3.0661322645e+00 -2.8165060758e-01  3.1401548549e-01  4.8647900923e-01  3.2063294746e-01  1.4095566051e-01  4.7141560221e-02
 3.0961923848e+00 -2.9091573626e-01  3.0240176454e-01  4.8625357510e-01  3.2579379268e-01  1.4509051246e-01  4.9093796793e-02
 3.1262525050e+00 -2.9982975837e-01  2.9065670729e-01  4.8577552367e-01  3.3088684735e-01  1.4927269490e-01  5.1098151398e-02
 3.1563126253e+00 -3.0838886266e-01  2.7878942341e-01  4.8504400207e-01  3.3590761032e-01  1.5350036954e-01  5.3154913634e-02
 3.1863727455e+00 -3.1658951275e-01  2.6680908906e-01  4.8405836236e-01  3.4085159728e-01  1.5777162648e-01  5.5264335364e-02
 3.2164328657e+00 -3.2442844901e-01  2.5472493965e-01  4.8281816226e-01  3.4571434501e-01  1.6208448506e-01  5.7426629680e-02
 3.2464929860e+00 -3.3190269020e-01  2.4254626261e-01  4.8132316556e-01  3.5049141545e-01  1.6643689485e-01  5.9641969881e-02
 3.2765531062e+00 -3.3900953497e-01  2.3028239007e-01  4.7957334249e-01  3.5517839990e-01  1.7082673660e-01  6.1910488480e-02
 3.3066132265e+00 -3.4574656308e-01  2.1794269155e-01  4.7756886985e-01  3.5977092312e-01  1.7525182338e-01  6.4232276238e-02
 3.3366733467e+00 -3.5211163639e-01  2.0553656662e-01  4.7531013098e-01  3.6426464746e-01  1.7970990174e-01  6.6607381223e-02
 3.3667334669e+00 -3.5810289970e-01  1.9307343754e-01  4.7279771557e-01  3.6865527692e-01  1.8419865293e-01  6.9035807907e-02
 3.3967935872e+00 -3.6371878127e-01  1.8056274191e-01  4.7003241928e-01  3.7293856126e-01  1.8871569425e-01  7.1517516278e-02
 3.4268537074e+00 -3.6895799319e-01  1.6801392533e-01  4.6701524318e-01  3.7711030004e-01  1.9325858041e-01  7.4052421004e-02
 3.4569138277e+00 -3.7381953154e-01  1.5543643402e-01  4.6374739308e-01  3.8116634661e-01  1.9782480504e-01  7.6640390610e-02
 3.4869739479e+00 -3.7830267625e-01  1.4283970752e-01  4.6023027861e-01  3.8510261208e-01  2.0241180218e-01  7.9281246705e-02
 3.5170340681e+00 -3.8240699082e-01  1.3023317134e-01  4.5646551219e-01  3.8891506930e-01  2.0701694792e-01  8.1974763233e-02
 3.5470941884e+00 -3.8613232178e-01  1.1762622966e-01  4.5245490777e-01  3.9259975673e-01  2.1163756208e-01  8.4720665773e-02
 3.5771543086e+00 -3.8947879793e-01  1.0502825810e-01  4.4820047949e-01  3.9615278227e-01  2.1627090993e-01  8.7518630864e-02
 3.6072144289e+00 -3.9244682939e-01  9.2448596434e-02  4.4370444008e-01  3.9957032712e-01  2.2091420403e-01  9.0368285378e-02
 3.6372745491e+00 -3.9503710642e-01  7.9896541442e-02  4.3896919918e-01  4.0284864950e-01  2.2556460611e-01  9.3269205927e-02
 3.6673346693e+00 -3.9725059797e-01  6.7381339743e-02  4.3399736139e-01  4.0598408831e-01  2.3021922899e-01  9.6220918320e-02
 3.6973947896e+00 -3.9908855014e-01  5.4912180711e-02  4.2879172431e-01  4.0897306683e-01  2.3487513862e-01  9.9222897051e-02
 3.7274549098e+00 -4.0055248429e-01  4.2498189431e-02  4.2335527625e-01  4.1181209626e-01  2.3952935612e-01  1.0227456484e-01
 3.7575150301e+00 -4.0164419503e-01  3.0148419737e-02  4.1769119391e-01  4.1449777922e-01  2.4417885995e-01  1.0537529220e-01
 3.7875751503e+00 -4.0236574800e-01  1.7871847301e-02  4.1180283985e-01  4.1702681320e-01  2.4882058804e-01  1.0852439710e-01
 3.8176352705e+00 -4.0271947735e-01  5.6773628101e-03  4.0569375981e-01  4.1939599392e-01  2.5345144009e-01  1.1172114457e-01
 3.8476953908e+00 -4.0270798314e-01 -6.4262347866e-03  3.9936767985e-01  4.2160221863e-01  2.5806827983e-01  1.1496474651e-01
 3.8777555110e+00 -4.0233412847e-01 -1.8430244938e-02  3.9282850343e-01  4.2364248931e-01  2.6266793739e-01  1.1825436136e-01
 3.9078156313e+00 -4.0160103642e-01 -3.0326072066e-02  3.8608030825e-01  4.2551391579e-01  2.6724721169e-01  1.2158909399e-01
 3.9378757515e+00 -4.0051208677e-01 -4.2105232044e-02  3.7912734297e-01  4.2721371884e-01  2.7180287292e-01  1.2496799551e-01
 3.9679358717e+00 -3.9907091262e-01 -5.3759358571e-02  3.7197402381e-01  4.2873923308e-01  2.7633166499e-01  1.2839006322e-01
 3.9979959920e+00 -3.9728139668e-01 -6.5280209447e-02  3.6462493100e-01  4.3008790984e-01  2.8083030812e-01  1.3185424055e-01
 4.0280561122e+00 -3.9514766749e-01 -7.6659672731e-02  3.5708480511e-01  4.3125731999e-01  2.8529550139e-01  1.3535941709e-01
 4.0581162325e+00 -3.9267409539e-01 -8.7889772791e-02  3.4935854317e-01  4.3224515658e-01  2.8972392537e-01  1.3890442865e-01
 4.0881763527e+00 -3.8986528838e-01 -9.8962676225e-02  3.4145119481e-01  4.3304923742e-01  2.9411224482e-01  1.4248805734e-01
 4.1182364729e+00 -3.8672608768e-01 -1.0987069766e-01  3.3336795810e-01  4.3366750758e-01  2.9845711133e-01  1.4610903181e-01
 4.1482965932e+00 -3.8326156326e-01 -1.2060630545e-01  3.2511417541e-01  4.3409804174e-01  3.0275516612e-01  1.4976602741e-01
 4.1783567134e+00 -3.7947700911e-01 -1.3116212716e-01  3.1669532906e-01  4.3433904649e-01  3.0700304273e-01  1.5345766650e-01
 4.2084168337e+00 -3.7537793837e-01 -1.4153095502e-01  3.0811703689e-01  4.3438886247e-01  3.1119736988e-01  1.5718251876e-01
 4.2384769539e+00 -3.7097007832e-01 -1.5170575118e-01  2.9938504774e-01  4.3424596644e-01  3.1533477426e-01  1.6093910157e-01
 4.2685370741e+00 -3.6625936516e-01 -1.6167965277e-01  2.9050523677e-01  4.3390897324e-01  3.1941188336e-01  1.6472588045e-01
 4.2985971944e+00 -3.6125193871e-01 -1.7144597694e-01  2.8148360072e-01  4.3337663756e-01  3.2342532836e-01  1.6854126957e-01
 4.3286573146e+00 -3.5595413691e-01 -1.8099822561e-01  2.7232625303e-01  4.3264785573e-01  3.2737174699e-01  1.7238363223e-01
 4.3587174349e+00 -3.5037249018e-01 -1.9033009016e-01  2.6303941893e-01  4.3172166725e-01  3.3124778648e-01  1.7625128154e-01
 4.3887775551e+00 -3.4451371571e-01 -1.9943545589e-01  2.5362943033e-01  4.3059725632e-01  3.3505010639e-01  1.8014248099e-01
 4.4188376754e+00 -3.3838471149e-01 -2.0830840637e-01  2.4410272076e-01  4.2927395315e-01  3.3877538161e-01  1.8405544521e-01
 4.4488977956e+00 -3.3199255036e-01 -2.1694322762e-01  2.3446582010e-01  4.2775123524e-01  3.4242030526e-01  1.8798834071e-01
 4.4789579158e+00 -3.2534447380e-01 -2.2533441203e-01  2.2472534932e-01  4.2602872847e-01  3.4598159164e-01  1.9193928666e-01
 4.5090180361e+00 -3.1844788572e-01 -2.3347666227e-01  2.1488801508e-01  4.2410620809e-01  3.4945597915e-01  1.9590635581e-01
 4.5390781563e+00 -3.1131034605e-01 -2.4136489484e-01  2.0496060431e-01  4.2198359957e-01  3.5284023326e-01  1.9988757535e-01
 4.5691382766e+00 -3.0393956430e-01 -2.4899424362e-01  1.9494997871e-01  4.1966097937e-01  3.5613114946e-01  2.0388092793e-01
 4.5991983968e+00 -2.9634339290e-01 -2.5636006307e-01  1.8486306918e-01  4.1713857552e-01  3.5932555614e-01  2.0788435264e-01
 4.6292585170e+00 -2.8852982061e-01 -2.6345793137e-01  1.7470687017e-01  4.1441676811e-01  3.6242031759e-01  2.1189574609e-01
 4.6593186373e+00 -2.8050696570e-01 -2.7028365334e-01  1.6448843407e-01  4.1149608965e-01  3.6541233686e-01  2.1591296357e-01
 4.6893787575e+00 -2.7228306911e-01 -2.7683326313e-01  1.5421486543e-01  4.0837722527e-01  3.6829855870e-01  2.1993382016e-01
 4.7194388778e+00 -2.6386648750e-01 -2.8310302677e-01  1.4389331522e-01  4.0506101283e-01  3.7107597243e-01  2.2395609203e-01
 4.7494989980e+00 -2.5526568627e-01 -2.8908944451e-01  1.3353097504e-01  4.0154844290e-01  3.7374161484e-01  2.2797751763e-01
 4.7795591182e+00 -2.4648923249e-01 -2.9478925296e-01  1.2313507129e-01  3.9784065854e-01  3.7629257301e-01  2.3199579909e-01
 4.8096192385e+00 -2.3754578772e-01 -3.0019942707e-01  1.1271285930e-01  3.9393895505e-01  3.7872598713e-01  2.3600860354e-01
 4.8396793587e+00 -2.2844410088e-01 -3.0531718185e-01  1.0227161744e-01  3.8984477954e-01  3.8103905334e-01  2.4001356453e-01
 4.8697394790e+00 -2.1919300094e-01 -3.1013997396e-01  9.1818641268e-02  3.8555973033e-01  3.8322902647e-01  2.4400828353e-01
 4.8997995992e+00 -2.0980138973e-01 -3.1466550306e-01  8.1361237560e-02  3.8108555629e-01  3.8529322279e-01  2.4799033138e-01
 4.9298597194e+00 -2.0027823450e-01 -3.1889171295e-01  7.0906718435e-02  3.7642415604e-01  3.8722902270e-01  2.5195724990e-01
 4.9599198397e+00 -1.9063256068e-01 -3.2281679260e-01  6.0462395417e-02  3.7157757695e-01  3.8903387342e-01  2.5590655344e-01
 4.9899799599e+00 -1.8087344440e-01 -3.2643917685e-01  5.0035573520e-02  3.6654801410e-01  3.9070529162e-01  2.5983573055e-01
 5.0200400802e+00 -1.7101000518e-01 -3.2975754700e-01  3.9633545335e-02  3.6133780907e-01  3.9224086599e-01  2.6374224563e-01
 5.0501002004e+00 -1.6105139843e-01 -3.3277083118e-01  2.9263585133e-02  3.5594944861e-01  3.9363825976e-01  2.6762354066e-01
 5.0801603206e+00 -1.5100680810e-01 -3.3547820450e-01  1.8932942981e-02  3.5038556315e-01  3.9489521326e-01  2.7147703698e-01
 5.1102204409e+00 -1.4088543921e-01 -3.3787908903e-01  8.6488388817e-03  3.4464892526e-01  3.9600954631e-01  2.7530013704e-01
 5.1402805611e+00 -1.3069651045e-01 -3.3997315355e-01 -1.5815430585e-03  3.3874244792e-01  3.9697916063e-01  2.7909022625e-01
 5.1703406814e+00 -1.2044924675e-01 -3.4176031315e-01 -1.1751060433e-02  3.3266918268e-01  3.9780204219e-01  2.8284467485e-01
 5.2004008016e+00 -1.1015287191e-01 -3.4324072855e-01 -2.1852618301e-02  3.2643231771e-01  3.9847626347e-01  2.8656083982e-01
 5.2304609218e+00 -9.9816601211e-02 -3.4441480528e-01 -3.1879174909e-02  3.2003517574e-01  3.9899998570e-01  2.9023606675e-01
 5.2605210421e+00 -8.9449634088e-02 -3.4528319272e-01 -4.1823747372e-02  3.1348121186e-01  3.9937146101e-01  2.9386769190e-01
 5.2905811623e+00 -7.9061146794e-02 -3.4584678277e-01 -5.1679417299e-02  3.0677401121e-01  3.9958903455e-01  2.9745304407e-01
 5.3206412826e+00 -6.8660285146e-02 -3.4610670853e-01 -6.1439336367e-02  2.9991728654e-01  3.9965114650e-01  3.0098944673e-01
 5.3507014028e+00 -5.8256157298e-02 -3.4606434266e-01 -7.1096731831e-02  2.9291487572e-01  3.9955633404e-01  3.0447421997e-01
 5.3807615230e+00 -4.7857826561e-02 -3.4572129556e-01 -8.0644911974e-02  2.8577073902e-01  3.9930323325e-01  3.0790468263e-01
 5.4108216433e+00 -3.7474304287e-02 -3.4507941341e-01 -9.0077271484e-02  2.7848895642e-01  3.9889058093e-01  3.1127815436e-01
 5.4408817635e+00 -2.7114542818e-02 -3.4414077600e-01 -9.9387296759e-02  2.7107372469e-01  3.9831721636e-01  3.1459195771e-01
 5.4709418838e+00 -1.6787428494e-02 -3.4290769437e-01 -1.0856857113e-01  2.6352935445e-01  3.9758208294e-01  3.1784342031e-01
 5.5010020040e+00 -6.5017747398e-03 -3.4138270825e-01 -1.1761478003e-01  2.5586026711e-01  3.9668422984e-01  3.2102987697e-01
 5.5310621242e+00  3.7336847658e-03 -3.3956858336e-01 -1.2651971600e-01  2.4807099165e-01  3.9562281346e-01  3.2414867187e-01
 5.5611222445e+00  1.3910302844e-02 -3.3746830851e-01 -1.3527728371e-01  2.4016616138e-01  3.9439709891e-01  3.2719716072e-01
 5.5911823647e+00  2.4019525474e-02 -3.3508509253e-01 -1.4388150481e-01  2.3215051059e-01  3.9300646134e-01  3.3017271294e-01
 5.6212424850e+00  3.4052898360e-02 -3.3242236101e-01 -1.5232652271e-01  2.2402887106e-01  3.9145038722e-01  3.3307271388e-01
 5.6513026052e+00  4.4002073395e-02 -3.2948375292e-01 -1.6060660723e-01  2.1580616851e-01  3.8972847550e-01  3.3589456702e-01
 5.6813627255e+00  5.3858815022e-02 -3.2627311698e-01 -1.6871615920e-01  2.0748741900e-01  3.8784043874e-01  3.3863569615e-01
 5.7114228457e+00  6.3615006482e-02 -3.2279450798e-01 -1.7664971489e-01  1.9907772520e-01  3.8578610410e-01  3.4129354763e-01
 5.7414829659e+00  7.3262655955e-02 -3.1905218283e-01 -1.8440195036e-01  1.9058227256e-01  3.8356541425e-01  3.4386559260e-01
 5.7715430862e+00  8.2793902568e-02 -3.1505059653e-01 -1.9196768567e-01  1.8200632549e-01  3.8117842821e-01  3.4634932917e-01
 5.8016032064e+00  9.2201022293e-02 -3.1079439795e-01 -1.9934188901e-01  1.7335522335e-01  3.7862532207e-01  3.4874228467e-01
 5.8316633267e+00  1.0147643371e-01 -3.0628842550e-01 -2.0651968066e-01  1.6463437649e-01  3.7590638967e-01  3.5104201786e-01
 5.8617234469e+00  1.1061270362e-01 -3.0153770257e-01 -2.1349633684e-01  1.5584926211e-01  3.7302204308e-01  3.5324612113e-01
 5.8917835671e+00  1.1960255257e-01 -2.9654743295e-01 -2.2026729342e-01  1.4700542014e-01  3.6997281311e-01  3.5535222270e-01
 5.9218436874e+00  1.2843886018e-01 -2.9132299604e-01 -2.2682814954e-01  1.3810844901e-01  3.6675934965e-01  3.5735798882e-01
 5.9519038076e+00  1.3711467034e-01 -2.8586994190e-01 -2.3317467102e-01  1.2916400137e-01  3.6338242190e-01  3.5926112598e-01
 5.9819639279e+00  1.4562319630e-01 -2.8019398625e-01 -2.3930279371e-01  1.2017777980e-01  3.5984291858e-01  3.6105938300e-01
 6.0120240481e+00  1.5395782552e-01 -2.7430100531e-01 -2.4520862663e-01  1.1115553240e-01  3.5614184796e-01  3.6275055329e-01
 6.0420841683e+00  1.6211212448e-01 -2.6819703051e-01 -2.5088845498e-01  1.0210304837e-01  3.5228033784e-01  3.6433247689e-01
 6.0721442886e+00  1.7007984322e-01 -2.6188824307e-01 -2.5633874308e-01  9.3026153571e-02  3.4825963542e-01  3.6580304266e-01
 6.1022044088e+00  1.7785491974e-01 -2.5538096854e-01 -2.6155613702e-01  8.3930705984e-02  3.4408110704e-01  3.6716019034e-01
 6.1322645291e+00  1.8543148434e-01 -2.4868167117e-01 -2.6653746729e-01  7.4822591197e-02  3.3974623789e-01  3.6840191261e-01
 6.1623246493e+00  1.9280386360e-01 -2.4179694818e-01 -2.7127975117e-01  6.5707717821e-02  3.3525663155e-01  3.6952625718e-01
 6.1923847695e+00  1.9996658438e-01 -2.3473352399e-01 -2.7578019504e-01  5.6592012889e-02  3.3061400947e-01  3.7053132879e-01
 6.2224448898e+00  2.0691437748e-01 -2.2749824430e-01 -2.8003619642e-01  4.7481417234e-02  3.2582021033e-01  3.7141529118e-01
 6.2525050100e+00  2.1364218125e-01 -2.2009807014e-01 -2.8404534599e-01  3.8381880843e-02  3.2087718934e-01  3.7217636910e-01
 6.2825651303e+00  2.2014514494e-01 -2.1254007174e-01 -2.8780542934e-01  2.9299358194e-02  3.1578701736e-01  3.7281285019e-01
 6.3126252505e+00  2.2641863191e-01 -2.0483142248e-01 -2.9131442862e-01  2.0239803586e-02  3.1055188003e-01  3.7332308692e-01
 6.3426853707e+00  2.3245822261e-01 -1.9697939264e-01 -2.9457052398e-01  1.1209166453e-02  3.0517407671e-01  3.7370549838e-01
 6.3727454910e+00  2.3825971742e-01 -1.8899134310e-01 -2.9757209490e-01  2.2133866762e-03  2.9965601934e-01  3.7395857219e-01
 6.4028056112e+00  2.4381913926e-01 -1.8087471908e-01 -3.0031772131e-01 -6.7416100997e-03  2.9400023128e-01  3.7408086621e-01
 6.4328657315e+00  2.4913273606e-01 -1.7263704370e-01 -3.0280618454e-01 -1.5649917155e-02  2.8820934592e-01  3.7407101027e-01
 6.4629258517e+00  2.5419698298e-01 -1.6428591157e-01 -3.0503646817e-01 -2.4505651370e-02  2.8228610532e-01  3.7392770794e-01
 6.4929859719e+00  2.5900858446e-01 -1.5582898231e-01 -3.0700775864e-01 -3.3302957893e-02  2.7623335866e-01  3.7364973807e-01
 6.5230460922e+00  2.6356447610e-01 -1.4727397404e-01 -3.0871944571e-01 -4.2036014791e-02  2.7005406067e-01  3.7323595648e-01
 6.5531062124e+00  2.6786182628e-01 -1.3862865683e-01 -3.1017112277e-01 -5.0699037680e-02  2.6375126992e-01  3.7268529747e-01
 6.5831663327e+00  2.7189803768e-01 -1.2990084614e-01 -3.1136258698e-01 -5.9286284335e-02  2.5732814701e-01  3.7199677531e-01
 6.6132264529e+00  2.7567074849e-01 -1.2109839621e-01 -3.1229383922e-01 -6.7792059275e-02  2.5078795272e-01  3.7116948571e-01
 6.6432865731e+00  2.7917783351e-01 -1.1222919344e-01 -3.1296508390e-01 -7.6210718311e-02  2.4413404601e-01  3.7020260720e-01
 6.6733466934e+00  2.8241740500e-01 -1.0330114983e-01 -3.1337672858e-01 -8.4536673064e-02  2.3736988199e-01  3.6909540246e-01
 6.7034068136e+00  2.8538781335e-01 -9.4322196281e-02 -3.1352938343e-01 -9.2764395443e-02  2.3049900975e-01  3.6784721963e-01
 6.7334669339e+00  2.8808764759e-01 -8.5300276013e-02 -3.1342386052e-01 -1.0088842208e-01  2.2352507013e-01  3.6645749350e-01
 6.7635270541e+00  2.9051573558e-01 -7.6243337948e-02 -3.1306117300e-01 -1.0890335873e-01  2.1645179343e-01  3.6492574669e-01
 6.7935871743e+00  2.9267114416e-01 -6.7159330092e-02 -3.1244253397e-01 -1.1680388460e-01  2.0928299695e-01  3.6325159074e-01
 6.8236472946e+00  2.9455317899e-01 -5.8056192954e-02 -3.1156935536e-01 -1.2458475662e-01  2.0202258258e-01  3.6143472715e-01
 6.8537074148e+00  2.9616138420e-01 -4.8941852978e-02 -3.1044324656e-01 -1.3224081373e-01  1.9467453419e-01  3.5947494837e-01
 6.8837675351e+00  2.9749554193e-01 -3.9824216011e-02 -3.0906601284e-01 -1.3976698097e-01  1.8724291502e-01  3.5737213868e-01
 6.9138276553e+00  2.9855567156e-01 -3.0711160790e-02 -3.0743965373e-01 -1.4715827366e-01  1.7973186494e-01  3.5512627506e-01
 6.9438877756e+00  2.9934202883e-01 -2.1610532485e-02 -3.0556636113e-01 -1.5440980137e-01  1.7214559770e-01  3.5273742793e-01
 6.9739478958e+00  2.9985510472e-01 -1.2530136275e-02 -3.0344851736e-01 -1.6151677196e-01  1.6448839804e-01  3.5020576189e-01
 7.0040080160e+00  3.0009562413e-01 -3.4777309752e-03 -3.0108869294e-01 -1.6847449538e-01  1.5676461879e-01  3.4753153636e-01
 7.0340681363e+00  3.0006454444e-01  5.5389772787e-03 -2.9848964435e-01 -1.7527838757e-01  1.4897867786e-01  3.4471510609e-01
 7.0641282565e+00  2.9976305381e-01  1.4512341289e-02 -2.9565431151e-01 -1.8192397413e-01  1.4113505519e-01  3.4175692174e-01
 7.0941883768e+00  2.9919256930e-01  2.3434778988e-02 -2.9258581523e-01 -1.8840689401e-01  1.3323828961e-01  3.3865753021e-01
 7.1242484970e+00  2.9835473483e-01  3.2298779562e-02 -2.8928745438e-01 -1.9472290304e-01  1.2529297571e-01  3.3541757505e-01
 7.1543086172e+00  2.9725141896e-01  4.1096909500e-02 -2.8576270309e-01 -2.0086787739e-01  1.1730376054e-01  3.3203779673e-01
 7.1843687375e+00  2.9588471246e-01  4.9821818563e-02 -2.8201520760e-01 -2.0683781699e-01  1.0927534035e-01  3.2851903280e-01
 7.2144288577e+00  2.9425692571e-01  5.8466245665e-02 -2.7804878317e-01 -2.1262884877e-01  1.0121245727e-01  3.2486221806e-01
 7.2444889780e+00  2.9237058598e-01  6.7023024673e-02 -2.7386741070e-01 -2.1823722986e-01  9.3119895845e-02  3.2106838456e-01
 7.2745490982e+00  2.9022843442e-01  7.5485090109e-02 -2.6947523334e-01 -2.2365935064e-01  8.5002479667e-02  3.1713866162e-01
 7.3046092184e+00  2.8783342301e-01  8.3845482747e-02 -2.6487655284e-01 -2.2889173774e-01  7.6865067844e-02  3.1307427570e-01
 7.3346693387e+00  2.8518871125e-01  9.2097355121e-02 -2.6007582589e-01 -2.3393105689e-01  6.8712551485e-02  3.0887655021e-01
 7.3647294589e+00  2.8229766273e-01  1.0023397691e-01 -2.5507766029e-01 -2.3877411567e-01  6.0549850134e-02  3.0454690526e-01
 7.3947895792e+00  2.7916384152e-01  1.0824874024e-01 -2.4988681097e-01 -2.4341786617e-01  5.2381908167e-02  3.0008685734e-01
 7.4248496994e+00  2.7579100844e-01  1.1613516482e-01 -2.4450817592e-01 -2.4785940750e-01  4.4213691150e-02  2.9549801886e-01
 7.4549098196e+00  2.7218311710e-01  1.2388690301e-01 -2.3894679204e-01 -2.5209598820e-01  3.6050182182e-02  2.9078209768e-01
 7.4849699399e+00  2.6834430987e-01  1.3149774474e-01 -2.3320783082e-01 -2.5612500855e-01  2.7896378191e-02  2.8594089656e-01
 7.5150300601e+00  2.6427891370e-01  1.3896162230e-01 -2.2729659395e-01 -2.5994402270e-01  1.9757286224e-02  2.8097631246e-01
 7.5450901804e+00  2.5999143569e-01  1.4627261501e-01 -2.2121850879e-01 -2.6355074078e-01  1.1637919704e-02  2.7589033586e-01
 7.5751503006e+00  2.5548655868e-01  1.5342495375e-01 -2.1497912380e-01 -2.6694303076e-01  3.5432946710e-03  2.7068504990e-01
 7.6052104208e+00  2.5076913659e-01  1.6041302536e-01 -2.0858410383e-01 -2.7011892028e-01 -4.5215739872e-03  2.6536262954e-01
 7.6352705411e+00  2.4584418967e-01  1.6723137685e-01 -2.0203922534e-01 -2.7307659831e-01 -1.2551676323e-02  2.5992534060e-01
 7.6653306613e+00  2.4071689965e-01  1.7387471956e-01 -1.9535037151e-01 -2.7581441669e-01 -2.0542011124e-02  2.5437553868e-01
 7.6953907816e+00  2.3539260468e-01  1.8033793308e-01 -1.8852352728e-01 -2.7833089153e-01 -2.8487589708e-02  2.4871566806e-01
 7.7254509018e+00  2.2987679429e-01  1.8661606906e-01 -1.8156477433e-01 -2.8062470448e-01 -3.6383439732e-02  2.4294826054e-01
 7.7555110220e+00  2.2417510410e-01  1.9270435487e-01 -1.7448028597e-01 -2.8269470391e-01 -4.4224608993e-02  2.3707593411e-01
 7.7855711423e+00  2.1829331052e-01  1.9859819708e-01 -1.6727632193e-01 -2.8453990585e-01 -5.2006169223e-02  2.3110139169e-01
 7.8156312625e+00  2.1223732532e-01  2.0429318483e-01 -1.5995922315e-01 -2.8615949494e-01 -5.9723219886e-02  2.2502741961e-01
 7.8456913828e+00  2.0601319005e-01  2.0978509296e-01 -1.5253540646e-01 -2.8755282509e-01 -6.7370891961e-02  2.1885688621e-01
 7.8757515030e+00  1.9962707046e-01  2.1506988502e-01 -1.4501135920e-01 -2.8871942013e-01 -7.4944351709e-02  2.1259274022e-01
 7.9058116232e+00  1.9308525075e-01  2.2014371617e-01 -1.3739363383e-01 -2.8965897425e-01 -8.2438804426e-02  2.0623800916e-01
 7.9358717435e+00  1.8639412778e-01  2.2500293579e-01 -1.2968884245e-01 -2.9037135234e-01 -8.9849498180e-02  1.9979579761e-01
 7.9659318637e+00  1.7956020523e-01  2.2964409001e-01 -1.2190365131e-01 -2.9085659013e-01 -9.7171727525e-02  1.9326928541e-01
 7.9959919840e+00  1.7259008757e-01  2.3406392404e-01 -1.1404477524e-01 -2.9111489431e-01 -1.0440083718e-01  1.8666172588e-01
 8.0260521042e+00  1.6549047413e-01  2.3825938434e-01 -1.0611897211e-01 -2.9114664235e-01 -1.1153222569e-01  1.7997644386e-01
 8.0561122244e+00  1.5826815295e-01  2.4222762060e-01 -9.8133037189e-02 -2.9095238235e-01 -1.1856134907e-01  1.7321683372e-01
 8.0861723447e+00  1.5092999469e-01  2.4596598753e-01 -9.0093797532e-02 -2.9053283260e-01 -1.2548372435e-01  1.6638635735e-01
 8.1162324649e+00  1.4348294643e-01  2.4947204650e-01 -8.2008106334e-02 -2.8988888113e-01 -1.3229493319e-01  1.5948854204e-01
 8.1462925852e+00  1.3593402542e-01  2.5274356700e-01 -7.3882837261e-02 -2.8902158500e-01 -1.3899062535e-01  1.5252697827e-01
 8.1763527054e+00  1.2829031281e-01  2.5577852793e-01 -6.5724878776e-02 -2.8793216960e-01 -1.4556652215e-01  1.4550531754e-01
 8.2064128257e+00  1.2055894736e-01  2.5857511862e-01 -5.7541128465e-02 -2.8662202764e-01 -1.5201841995e-01  1.3842727002e-01
 8.2364729459e+00  1.1274711907e-01  2.6113173985e-01 -4.9338487354e-02 -2.8509271813e-01 -1.5834219345e-01  1.3129660226e-01
 8.2665330661e+00  1.0486206284e-01  2.6344700448e-01 -4.1123854239e-02 -2.8334596522e-01 -1.6453379907e-01  1.2411713471e-01
 8.2965931864e+00  9.6911052052e-02  2.6551973808e-01 -3.2904120023e-02 -2.8138365681e-01 -1.7058927816e-01  1.1689273932e-01
 8.3266533066e+00  8.8901392209e-02  2.6734897923e-01 -2.4686162059e-02 -2.7920784312e-01 -1.7650476028e-01  1.0962733698e-01
 8.3567134269e+00  8.0840414500e-02  2.6893397977e-01 -1.6476838526e-02 -2.7682073509e-01 -1.8227646624e-01  1.0232489499e-01
 8.3867735471e+00  7.2735469403e-02  2.7027420478e-01 -8.2829828163e-03 -2.7422470267e-01 -1.8790071128e-01  9.4989424432e-02
 8.4168336673e+00  6.4593920270e-02  2.7136933238e-01 -1.1139795659e-04 -2.7142227293e-01 -1.9337390804e-01  8.7624977488e-02
 8.4468937876e+00  5.6423136931e-02  2.7221925345e-01  8.0311489377e-03 -2.6841612811e-01 -1.9869256948e-01  8.0235644756e-02
 8.4769539078e+00  4.8230489307e-02  2.7282407100e-01  1.6137932173e-02 -2.6520910348e-01 -2.0385331180e-01  7.2825552487e-02
 8.5070140281e+00  4.0023341039e-02  2.7318409957e-01  2.4202272947e-02 -2.6180418513e-01 -2.0885285723e-01  6.5398859792e-02
 8.5370741483e+00  3.1809043149e-02  2.7329986424e-01  3.2217544765e-02 -2.5820450759e-01 -2.1368803672e-01  5.7959755809e-02
 8.5671342685e+00  2.3594927720e-02  2.7317209964e-01  4.0177178815e-02 -2.5441335135e-01 -2.1835579261e-01  5.0512456832e-02
 8.5971943888e+00  1.5388301621e-02  2.7280174866e-01  4.8074669280e-02 -2.5043414030e-01 -2.2285318118e-01  4.3061203404e-02
 8.6272545090e+00  7.1964402604e-03  2.7218996108e-01  5.5903578592e-02 -2.4627043893e-01 -2.2717737514e-01  3.5610257379e-02
 8.6573146293e+00 -9.7341860139e-04  2.7133809196e-01  6.3657542623e-02 -2.4192594958e-01 -2.3132566601e-01  2.8163898949e-02
 8.6873747495e+00 -9.1140810028e-03  2.7024769988e-01  7.1330275808e-02 -2.3740450945e-01 -2.3529546642e-01  2.0726423651e-02
 8.7174348697e+00 -1.7218402869e-02  2.6892054505e-01  7.8915576193e-02 -2.3271008756e-01 -2.3908431232e-01  1.3302139334e-02
 8.7474949900e+00 -2.5279296040e-02  2.6735858718e-01  8.6407330406e-02 -2.2784678157e-01 -2.4268986512e-01  5.8953631165e-03
 8.7775551102e+00 -3.3289734237e-02  2.6556398327e-01  9.3799518552e-02 -2.2281881454e-01 -2.4610991369e-01 -1.4895816883e-03
 8.8076152305e+00 -4.1242758955e-02  2.6353908513e-01  1.0108621901e-01 -2.1763053151e-01 -2.4934237632e-01 -8.8483686607e-03
 8.8376753507e+00 -4.9131485283e-02  2.6128643689e-01  1.0826161318e-01 -2.1228639609e-01 -2.5238530250e-01 -1.6176671383e-02
 8.8677354709e+00 -5.6949107639e-02  2.5880877219e-01  1.1531999004e-01 -2.0679098685e-01 -2.5523687471e-01 -2.3470166558e-02
 8.8977955912e+00 -6.4688905432e-02  2.5610901134e-01  1.2225575077e-01 -2.0114899365e-01 -2.5789541001e-01 -3.0724537146e-02
 8.9278557114e+00 -7.2344248619e-02  2.5319025828e-01  1.2906341310e-01 -1.9536521393e-01 -2.6035936159e-01 -3.7935475507e-02
 8.9579158317e+00 -7.9908603186e-02  2.5005579734e-01  1.3573761566e-01 -1.8944454883e-01 -2.6262732018e-01 -4.5098686548e-02
 8.9879759519e+00 -8.7375536514e-02  2.4670909000e-01  1.4227312220e-01 -1.8339199927e-01 -2.6469801536e-01 -5.2209890880e-02
 9.0180360721e+00 -9.4738722655e-02  2.4315377132e-01  1.4866482572e-01 -1.7721266196e-01 -2.6657031681e-01 -5.9264827973e-02
 9.0480961924e+00 -1.0199194750e-01  2.3939364640e-01  1.5490775239e-01 -1.7091172529e-01 -2.6824323534e-01 -6.6259259312e-02
 9.0781563126e+00 -1.0912911382e-01  2.3543268656e-01  1.6099706551e-01 -1.6449446520e-01 -2.6971592397e-01 -7.3188971554e-02
 9.1082164329e+00 -1.1614424622e-01  2.3127502554e-01  1.6692806921e-01 -1.5796624090e-01 -2.7098767873e-01 -8.0049779667e-02
 9.1382765531e+00 -1.2303149597e-01  2.2692495540e-01  1.7269621209e-01 -1.5133249063e-01 -2.7205793949e-01 -8.6837530078e-02
 9.1683366733e+00 -1.2978514567e-01  2.2238692246e-01  1.7829709072e-01 -1.4459872725e-01 -2.7292629059e-01 -9.3548103793e-02
 9.1983967936e+00 -1.3639961384e-01  2.1766552298e-01  1.8372645304e-01 -1.3777053381e-01 -2.7359246137e-01 -1.0017741952e-01
 9.2284569138e+00 -1.4286945938e-01  2.1276549884e-01  1.8898020158e-01 -1.3085355913e-01 -2.7405632667e-01 -1.0672143676e-01
 9.2585170341e+00 -1.4918938585e-01  2.0769173299e-01  1.9405439657e-01 -1.2385351317e-01 -2.7431790705e-01 -1.1317615890e-01
 9.2885771543e+00 -1.5535424567e-01  2.0244924490e-01  1.9894525892e-01 -1.1677616253e-01 -2.7437736908e-01 -1.1953763626e-01
 9.3186372745e+00 -1.6135904411e-01  1.9704318586e-01  2.0364917303e-01 -1.0962732578e-01 -2.7423502537e-01 -1.2580196912e-01
 9.3486973948e+00 -1.6719894325e-01  1.9147883411e-01  2.0816268953e-01 -1.0241286877e-01 -2.7389133457e-01 -1.3196531078e-01
 9.3787575150e+00 -1.7286926564e-01  1.8576159001e-01  2.1248252778e-01 -9.5138699959e-02 -2.7334690122e-01 -1.3802387048e-01
 9.4088176353e+00 -1.7836549797e-01  1.7989697102e-01  2.1660557829e-01 -8.7810765645e-02 -2.7260247548e-01 -1.4397391638e-01
 9.4388777555e+00 -1.8368329447e-01  1.7389060661e-01  2.2052890496e-01 -8.0435045193e-02 -2.7165895279e-01 -1.4981177849e-01
 9.4689378758e+00 -1.8881848021e-01  1.6774823310e-01  2.2424974722e-01 -7.3017546234e-02 -2.7051737334e-01 -1.5553385152e-01
 9.4989979960e+00 -1.9376705423e-01  1.6147568841e-01  2.2776552196e-01 -6.5564299839e-02 -2.6917892148e-01 -1.6113659774e-01
 9.5290581162e+00 -1.9852519254e-01  1.5507890676e-01  2.3107382533e-01 -5.8081355683e-02 -2.6764492500e-01 -1.6661654980e-01
 9.5591182365e+00 -2.0308925088e-01  1.4856391326e-01  2.3417243441e-01 -5.0574777181e-02 -2.6591685430e-01 -1.7197031346e-01
 9.5891783567e+00 -2.0745576744e-01  1.4193681847e-01  2.3705930868e-01 -4.3050636623e-02 -2.6399632144e-01 -1.7719457031e-01
 9.6192384770e+00 -2.1162146529e-01  1.3520381289e-01  2.3973259138e-01 -3.5515010303e-02 -2.6188507906e-01 -1.8228608045e-01
 9.6492985972e+00 -2.1558325471e-01  1.2837116137e-01  2.4219061069e-01 -2.7973973642e-02 -2.5958501922e-01 -1.8724168508e-01
 9.6793587174e+00 -2.1933823536e-01  1.2144519755e-01  2.4443188074e-01 -2.0433596314e-02 -2.5709817212e-01 -1.9205830909e-01
 9.7094188377e+00 -2.2288369827e-01  1.1443231810e-01  2.4645510249e-01 -1.2899937381e-02 -2.5442670467e-01 -1.9673296355e-01
 9.7394789579e+00 -2.2621712760e-01  1.0733897711e-01  2.4825916447e-01 -5.3790404314e-03 -2.5157291900e-01 -2.0126274818e-01
 9.7695390782e+00 -2.2933620233e-01  1.0017168031e-01  2.4984314325e-01  2.1230712588e-03 -2.4853925087e-01 -2.0564485371e-01
 9.7995991984e+00 -2.3223879771e-01  9.2936979302e-02  2.5120630391e-01  9.6003995539e-03 -2.4532826786e-01 -2.0987656424e-01
 9.8296593186e+00 -2.3492298652e-01  8.5641465756e-02  2.5234810025e-01  1.7046976261e-02 -2.4194266764e-01 -2.1395525949e-01
 9.8597194389e+00 -2.3738704026e-01  7.8291765620e-02  2.5326817483e-01  2.4456867909e-02 -2.3838527595e-01 -2.1787841701e-01
 9.8897795591e+00 -2.3962943002e-01  7.0894533275e-02  2.5396635893e-01  3.1824180490e-02 -2.3465904457e-01 -2.2164361431e-01
 9.9198396794e+00 -2.4164882727e-01  6.3456445693e-02  2.5444267228e-01  3.9143064181e-02 -2.3076704922e-01 -2.2524853095e-01
 9.9498997996e+00 -2.4344410449e-01  5.5984196595e-02  2.5469732266e-01  4.6407718011e-02 -2.2671248726e-01 -2.2869095047e-01
 9.9799599198e+00 -2.4501433551e-01  4.8484490603e-02  2.5473070532e-01  5.3612394501e-02 -2.2249867537e-01 -2.3196876239e-01
 1.0010020040e+01 -2.4635879584e-01  4.0964037398e-02  2.5454340231e-01  6.0751404244e-02 -2.1812904709e-01 -2.3507996400e-01
 1.0040080160e+01 -2.4747696263e-01  3.3429545890e-02  2.5413618155e-01  6.7819120454e-02 -2.1360715029e-01 -2.3802266216e-01
 1.0070140281e+01 -2.4836851467e-01  2.5887718397e-02  2.5350999586e-01  7.4809983440e-02 -2.0893664453e-01 -2.4079507497e-01
 1.0100200401e+01 -2.4903333202e-01  1.8345244852e-02  2.5266598169e-01  8.1718505042e-02 -2.0412129834e-01 -2.4339553341e-01
 1.0130260521e+01 -2.4947149559e-01  1.0808797024e-02  2.5160545789e-01  8.8539272996e-02 -1.9916498641e-01 -2.4582248283e-01
 1.0160320641e+01 -2.4968328650e-01  3.2850227794e-03  2.5032992412e-01  9.5266955235e-02 -1.9407168665e-01 -2.4807448444e-01
 1.0190380762e+01 -2.4966918526e-01 -4.2194596292e-03  2.4884105926e-01  1.0189630413e-01 -1.8884547725e-01 -2.5015021665e-01
 1.0220440882e+01 -2.4942987085e-01 -1.1698067235e-02  2.4714071965e-01  1.0842216065e-01 -1.8349053358e-01 -2.5204847634e-01
 1.0250501002e+01 -2.4896621948e-01 -1.9144257980e-02  2.4523093709e-01  1.1483945845e-01 -1.7801112504e-01 -2.5376818009e-01
 1.0280561122e+01 -2.4827930338e-01 -2.6551536297e-02  2.4311391678e-01  1.2114322789e-01 -1.7241161185e-01 -2.5530836522e-01
 1.0310621242e+01 -2.4737038922e-01 -3.3913458629e-02  2.4079203515e-01  1.2732859996e-01 -1.6669644170e-01 -2.5666819088e-01
 1.0340681363e+01 -2.4624093657e-01 -4.1223638900e-02  2.3826783741e-01  1.3339081012e-01 -1.6087014643e-01 -2.5784693890e-01
 1.0370741483e+01 -2.4489259598e-01 -4.8475753918e-02  2.3554403513e-01  1.3932520206e-01 -1.5493733852e-01 -2.5884401469e-01
 1.0400801603e+01 -2.4332720710e-01 -5.5663548707e-02  2.3262350351e-01  1.4512723137e-01 -1.4890270761e-01 -2.5965894790e-01
 1.0430861723e+01 -2.4154679650e-01 -6.2780841780e-02  2.2950927871e-01  1.5079246912e-01 -1.4277101693e-01 -2.6029139316e-01
 1.0460921844e+01 -2.3955357540e-01 -6.9821530323e-02  2.2620455485e-01  1.5631660532e-01 -1.3654709962e-01 -2.6074113055e-01
 1.0490981964e+01 -2.3734993723e-01 -7.6779595304e-02  2.2271268105e-01  1.6169545230e-01 -1.3023585503e-01 -2.6100806611e-01
 1.0521042084e+01 -2.3493845501e-01 -8.3649106504e-02  2.1903715820e-01  1.6692494798e-01 -1.2384224500e-01 -2.6109223218e-01
 1.0551102204e+01 -2.3232187866e-01 -9.0424227443e-02  2.1518163573e-01  1.7200115905e-01 -1.1737129002e-01 -2.6099378768e-01
 1.0581162325e+01 -2.2950313204e-01 -9.7099220234e-02  2.1114990821e-01  1.7692028402e-01 -1.1082806534e-01 -2.6071301827e-01
 1.0611222445e+01 -2.2648530997e-01 -1.0366845032e-01  2.0694591178e-01  1.8167865616e-01 -1.0421769713e-01 -2.6025033642e-01
 1.0641282565e+01 -2.2327167503e-01 -1.1012639114e-01  2.0257372054e-01  1.8627274636e-01 -9.7545358470e-02 -2.5960628139e-01
 1.0671342685e+01 -2.1986565426e-01 -1.1646762864e-01  1.9803754283e-01  1.9069916582e-01 -9.0816265371e-02 -2.5878151912e-01
 1.0701402806e+01 -2.1627083568e-01 -1.2268686573e-01  1.9334171733e-01  1.9495466868e-01 -8.4035672753e-02 -2.5777684202e-01
 1.0731462926e+01 -2.1249096474e-01 -1.2877892660e-01  1.8849070914e-01  1.9903615451e-01 -7.7208870372e-02 -2.5659316861e-01
 1.0761523046e+01 -2.0852994060e-01 -1.3473876095e-01  1.8348910570e-01  2.0294067063e-01 -7.0341178726e-02 -2.5523154315e-01
 1.0791583166e+01 -2.0439181230e-01 -1.4056144802e-01  1.7834161265e-01  2.0666541438e-01 -6.3437944929e-02 -2.5369313511e-01
 1.0821643287e+01 -2.0008077478e-01 -1.4624220064e-01  1.7305304955e-01  2.1020773525e-01 -5.6504538564e-02 -2.5197923857e-01
 1.0851703407e+01 -1.9560116485e-01 -1.5177636899e-01  1.6762834560e-01  2.1356513682e-01 -4.9546347515e-02 -2.5009127150e-01
 1.0881763527e+01 -1.9095745698e-01 -1.5715944438e-01  1.6207253516e-01  2.1673527866e-01 -4.2568773777e-02 -2.4803077497e-01
 1.0911823647e+01 -1.8615425900e-01 -1.6238706279e-01  1.5639075327e-01  2.1971597804e-01 -3.5577229259e-02 -2.4579941224e-01
 1.0941883768e+01 -1.8119630770e-01 -1.6745500837e-01  1.5058823107e-01  2.2250521152e-01 -2.8577131569e-02 -2.4339896779e-01
 1.0971943888e+01 -1.7608846433e-01 -1.7235921668e-01  1.4467029114e-01  2.2510111643e-01 -2.1573899797e-02 -2.4083134620e-01
 1.1002004008e+01 -1.7083571002e-01 -1.7709577794e-01  1.3864234274e-01  2.2750199217e-01 -1.4572950289e-02 -2.3809857096e-01
 1.1032064128e+01 -1.6544314105e-01 -1.8166094002e-01  1.3250987709e-01  2.2970630145e-01 -7.5796924296e-03 -2.3520278322e-01
 1.1062124248e+01 -1.5991596409e-01 -1.8605111134e-01  1.2627846244e-01  2.3171267131e-01 -5.9952441618e-04 -2.3214624041e-01
 1.1092184369e+01 -1.5425949132e-01 -1.9026286361e-01  1.1995373922e-01  2.3351989405e-01  6.3621709524e-03 -2.2893131475e-01
 1.1122244489e+01 -1.4847913549e-01 -1.9429293445e-01  1.1354141502e-01  2.3512692804e-01  1.3300030481e-02 -2.2556049170e-01
 1.1152304609e+01 -1.4258040489e-01 -1.9813822981e-01  1.0704725964e-01  2.3653289831e-01  2.0208714766e-02 -2.2203636833e-01
 1.1182364729e+01 -1.3656889827e-01 -2.0179582625e-01  1.0047709996e-01  2.3773709713e-01  2.7082912373e-02 -2.1836165157e-01
 1.1212424850e+01 -1.3045029966e-01 -2.0526297313e-01  9.3836814908e-02  2.3873898431e-01  3.3917343989e-02 -2.1453915639e-01
 1.1242484970e+01 -1.2423037315e-01 -2.0853709457e-01  8.7132330299e-02  2.3953818748e-01  4.0706766551e-02 -2.1057180387e-01
 1.1272545090e+01 -1.1791495761e-01 -2.1161579125e-01  8.0369613668e-02  2.4013450216e-01  4.7445977349e-02 -2.0646261921e-01
 1.1302605210e+01 -1.1150996137e-01 -2.1449684214e-01  7.3554669087e-02  2.4052789170e-01  5.4129818100e-02 -2.0221472966e-01
 1.1332665331e+01 -1.0502135681e-01 -2.1717820597e-01  6.6693531954e-02  2.4071848710e-01  6.0753178989e-02 -1.9783136234e-01
 1.1362725451e+01 -9.8455174968e-02 -2.1965802261e-01  5.9792263758e-02  2.4070658671e-01  6.7311002665e-02 -1.9331584198e-01
 1.1392785571e+01 -9.1817500051e-02 -2.2193461423e-01  5.2856946840e-02  2.4049265573e-01  7.3798288207e-02 -1.8867158862e-01
 1.1422845691e+01 -8.5114463948e-02 -2.2400648638e-01  4.5893679141e-02  2.4007732560e-01  8.0210095041e-02 -1.8390211518e-01
 1.1452905812e+01 -7.8352240709e-02 -2.2587232880e-01  3.8908568943e-02  2.3946139330e-01  8.6541546811e-02 -1.7901102499e-01
 1.1482965932e+01 -7.1537040987e-02 -2.2753101619e-01  3.1907729615e-02  2.3864582043e-01  9.2787835198e-02 -1.7400200925e-01
 1.1513026052e+01 -6.4675106479e-02 -2.2898160872e-01  2.4897274364e-02  2.3763173224e-01  9.8944223692e-02 -1.6887884434e-01
 1.1543086172e+01 -5.7772704341e-02 -2.3022335241e-01  1.7883310989e-02  2.3642041643e-01  1.0500605130e-01 -1.6364538921e-01
 1.1573146293e+01 -5.0836121594e-02 -2.3125567936e-01  1.0871936658e-02  2.3501332189e-01  1.1096873619e-01 -1.5830558251e-01
 1.1603206413e+01 -4.3871659536e-02 -2.3207820782e-01  3.8692326954e-03  2.3341205730e-01  1.1682777932e-01 -1.5286343985e-01
 1.1633266533e+01 -3.6885628142e-02 -2.3269074207e-01 -3.1187406059e-03  2.3161838957e-01  1.2257876789e-01 -1.4732305082e-01
 1.1663326653e+01 -2.9884340478e-02 -2.3309327213e-01 -1.0085949141e-02  2.2963424215e-01  1.2821737886e-01 -1.4168857609e-01
 1.1693386774e+01 -2.2874107122e-02 -2.3328597339e-01 -1.7026390125e-02  2.2746169323e-01  1.3373938233e-01 -1.3596424434e-01
 1.1723446894e+01 -1.5861230603e-02 -2.3326920597e-01 -2.3934097184e-02  2.2510297383e-01  1.3914064482e-01 -1.3015434920e-01
 1.1753507014e+01 -8.8519998559e-03 -2.3304351400e-01 -3.0803145408e-02  2.2256046571e-01  1.4441713251e-01 -1.2426324611e-01
 1.1783567134e+01 -1.8526847049e-03 -2.3260962472e-01 -3.7627656361e-02  2.1983669919e-01  1.4956491442e-01 -1.1829534913e-01
 1.1813627255e+01  5.1304696251e-03 -2.3196844736e-01 -4.4401803037e-02  2.1693435086e-01  1.5458016546e-01 -1.1225512770e-01
 1.1843687375e+01  1.2091247962e-02 -2.3112107200e-01 -5.1119814774e-02  2.1385624116e-01  1.5945916943e-01 -1.0614710336e-01
 1.1873747495e+01  1.9023470603e-02 -2.3006876814e-01 -5.7775982097e-02  2.1060533181e-01  1.6419832192e-01 -9.9975846391e-02
 1.1903807615e+01  2.5920998682e-02 -2.2881298317e-01 -6.4364661512e-02  2.0718472318e-01  1.6879413309e-01 -9.3745972453e-02
 1.1933867735e+01  3.2777739498e-02 -2.2735534074e-01 -7.0880280230e-02  2.0359765151e-01  1.7324323046e-01 -8.7462139170e-02
 1.1963927856e+01  3.9587651781e-02 -2.2569763885e-01 -7.7317340821e-02  1.9984748604e-01  1.7754236146e-01 -8.1129042666e-02
 1.1993987976e+01  4.6344750905e-02 -2.2384184794e-01 -8.3670425800e-02  1.9593772599e-01  1.8168839599e-01 -7.4751414074e-02
 1.2024048096e+01  5.3043114043e-02 -2.2179010874e-01 -8.9934202129e-02  1.9187199750e-01  1.8567832888e-01 -6.8334016015e-02
 1.2054108216e+01  5.9676885247e-02 -2.1954472997e-01 -9.6103425648e-02  1.8765405041e-01  1.8950928216e-01 -6.1881639038e-02
 1.2084168337e+01  6.6240280467e-02 -2.1710818599e-01 -1.0217294541e-01  1.8328775497e-01  1.9317850734e-01 -5.5399098045e-02
 1.2114228457e+01  7.2727592490e-02 -2.1448311420e-01 -1.0813770795e-01  1.7877709847e-01  1.9668338749e-01 -4.8891228682e-02
 1.2144288577e+01  7.9133195797e-02 -2.1167231235e-01 -1.1399276143e-01  1.7412618169e-01  2.0002143931e-01 -4.2362883714e-02
 1.2174348697e+01  8.5451551350e-02 -2.0867873577e-01 -1.1973325971e-01  1.6933921538e-01  2.0319031500e-01 -3.5818929378e-02
 1.2204408818e+01  9.1677211275e-02 -2.0550549436e-01 -1.2535446634e-01  1.6442051655e-01  2.0618780404e-01 -2.9264241722e-02
 1.2234468938e+01  9.7804823472e-02 -2.0215584952e-01 -1.3085175841e-01  1.5937450475e-01  2.0901183495e-01 -2.2703702935e-02
 1.2264529058e+01  1.0382913611e-01 -1.9863321097e-01 -1.3622063032e-01  1.5420569821e-01  2.1166047679e-01 -1.6142197657e-02
 1.2294589178e+01  1.0974500205e-01 -1.9494113339e-01 -1.4145669742e-01  1.4891870991e-01  2.1413194070e-01 -9.5846092968e-03
 1.2324649299e+01  1.1554738313e-01 -1.9108331298e-01 -1.4655569961e-01  1.4351824364e-01  2.1642458115e-01 -3.0358163300e-03
 1.2354709419e+01  1.2123135440e-01 -1.8706358388e-01 -1.5151350472e-01  1.3800908990e-01  2.1853689728e-01  3.4993113921e-03
 1.2384769539e+01  1.2679210817e-01 -1.8288591453e-01 -1.5632611184e-01  1.3239612177e-01  2.2046753394e-01  1.0015916337e-02
 1.2414829659e+01  1.3222495802e-01 -1.7855440381e-01 -1.6098965455e-01  1.2668429074e-01  2.2221528272e-01  1.6509156980e-02
 1.2444889780e+01  1.3752534267e-01 -1.7407327721e-01 -1.6550040397e-01  1.2087862241e-01  2.2377908279e-01  2.2974211485e-02
 1.2474949900e+01  1.4268882968e-01 -1.6944688281e-01 -1.6985477170e-01  1.1498421224e-01  2.2515802173e-01  2.9406281374e-02
 1.2505010020e+01  1.4771111914e-01 -1.6467968716e-01 -1.7404931270e-01  1.0900622111e-01  2.2635133609e-01  3.5800595184e-02
 1.2535070140e+01  1.5258804711e-01 -1.5977627112e-01 -1.7808072793e-01  1.0294987096e-01  2.2735841197e-01  4.2152412105e-02
 1.2565130261e+01  1.5731558902e-01 -1.5474132555e-01 -1.8194586699e-01  9.6820440297e-02  2.2817878537e-01  4.8457025604e-02
 1.2595190381e+01  1.6188986291e-01 -1.4957964696e-01 -1.8564173047e-01  9.0623259680e-02  2.2881214248e-01  5.4709767018e-02
 1.2625250501e+01  1.6630713254e-01 -1.4429613304e-01 -1.8916547234e-01  8.4363707200e-02  2.2925831986e-01  6.0906009129e-02
 1.2655310621e+01  1.7056381034e-01 -1.3889577814e-01 -1.9251440204e-01  7.8047203879e-02  2.2951730441e-01  6.7041169706e-02
 1.2685370741e+01  1.7465646030e-01 -1.3338366866e-01 -1.9568598658e-01  7.1679209066e-02  2.2958923333e-01  7.3110715019e-02
 1.2715430862e+01  1.7858180061e-01 -1.2776497833e-01 -1.9867785236e-01  6.5265215793e-02  2.2947439390e-01  7.9110163319e-02
 1.2745490982e+01  1.8233670623e-01 -1.2204496354e-01 -2.0148778698e-01  5.8810746116e-02  2.2917322313e-01  8.5035088273e-02
 1.2775551102e+01  1.8591821131e-01 -1.1622895846e-01 -2.0411374081e-01  5.2321346432e-02  2.2868630728e-01  9.0881122375e-02
 1.2805611222e+01  1.8932351149e-01 -1.1032237020e-01 -2.0655382846e-01  4.5802582781e-02  2.2801438133e-01  9.6643960300e-02
 1.2835671343e+01  1.9254996593e-01 -1.0433067390e-01 -2.0880633011e-01  3.9260036136e-02  2.2715832827e-01  1.0231936222e-01
 1.2865731463e+01  1.9559509938e-01 -9.8259407750e-02 -2.1086969267e-01  3.2699297692e-02  2.2611917823e-01  1.0790315706e-01
 1.2895791583e+01  1.9845660392e-01 -9.2114167953e-02 -2.1274253082e-01  2.6125964142e-02  2.2489810761e-01  1.1339124574e-01
 1.2925851703e+01  2.0113234068e-01 -8.5900603701e-02 -2.1442362789e-01  1.9545632962e-02  2.2349643798e-01  1.1877960431e-01
 1.2955911824e+01  2.0362034133e-01 -7.9624412064e-02 -2.1591193657e-01  1.2963897694e-02  2.2191563490e-01  1.2406428707e-01
 1.2985971944e+01  2.0591880945e-01 -7.3291332871e-02 -2.1720657955e-01  6.3863432446e-03  2.2015730666e-01  1.2924142962e-01
 1.3016032064e+01  2.0802612175e-01 -6.6907143556e-02 -2.1830684989e-01 -1.8145881195e-04  2.1822320283e-01  1.3430725184e-01
 1.3046092184e+01  2.0994082909e-01 -6.0477653990e-02 -2.1921221138e-01 -6.7339549063e-03  2.1611521276e-01  1.3925806080e-01
 1.3076152305e+01  2.1166165742e-01 -5.4008701282e-02 -2.1992229863e-01 -1.3265614131e-02  2.1383536396e-01  1.4409025366e-01
 1.3106212425e+01  2.1318750848e-01 -4.7506144578e-02 -2.2043691709e-01 -1.9770932871e-02  2.1138582030e-01  1.4880032043e-01
 1.3136272545e+01  2.1451746042e-01 -4.0975859848e-02 -2.2075604290e-01 -2.6244439407e-02  2.0876888018e-01  1.5338484668e-01
 1.3166332665e+01  2.1565076819e-01 -3.4423734668e-02 -2.2087982256e-01 -3.2680698486e-02  2.0598697457e-01  1.5784051622e-01
 1.3196392786e+01  2.1658686384e-01 -2.7855662999e-02 -2.2080857252e-01 -3.9074315855e-02  2.0304266490e-01  1.6216411362e-01
 1.3226452906e+01  2.1732535663e-01 -2.1277539979e-02 -2.2054277859e-01 -4.5419942757e-02  1.9993864092e-01  1.6635252678e-01
 1.3256513026e+01  2.1786603298e-01 -1.4695256717e-02 -2.2008309514e-01 -5.1712280381e-02  1.9667771835e-01  1.7040274926e-01
 1.3286573146e+01  2.1820885626e-01 -8.1146951053e-03 -2.1943034430e-01 -5.7946084264e-02  1.9326283656e-01  1.7431188269e-01
 1.3316633267e+01  2.1835396645e-01 -1.5417226477e-03 -2.1858551486e-01 -6.4116168649e-02  1.8969705603e-01  1.7807713895e-01
 1.3346693387e+01  2.1830167964e-01  5.0178126868e-03 -2.1754976116e-01 -7.0217410777e-02  1.8598355578e-01  1.8169584241e-01
 1.3376753507e+01  2.1805248735e-01  1.1558087585e-02 -2.1632440174e-01 -7.6244755131e-02  1.8212563068e-01  1.8516543193e-01
 1.3406813627e+01  2.1760705569e-01  1.8073308476e-02 -2.1491091789e-01 -8.2193217612e-02  1.7812668867e-01  1.8848346293e-01
 1.3436873747e+01  2.1696622445e-01  2.4557716587e-02 -2.1331095209e-01 -8.8057889649e-02  1.7399024790e-01  1.9164760921e-01
 1.3466933868e+01  2.1613100593e-01  3.1005592950e-02 -2.1152630626e-01 -9.3833942250e-02  1.6971993378e-01  1.9465566481e-01
 1.3496993988e+01  2.1510258367e-01  3.7411263371e-02 -2.0955893989e-01 -9.9516629967e-02  1.6531947588e-01  1.9750554574e-01
 1.3527054108e+01  2.1388231106e-01  4.3769103345e-02 -2.0741096808e-01 -1.0510129479e-01  1.6079270487e-01  2.0019529151e-01
 1.3557114228e+01  2.1247170974e-01  5.0073542923e-02 -2.0508465936e-01 -1.1058336999e-01  1.5614354927e-01  2.0272306677e-01
 1.3587174349e+01  2.1087246793e-01  5.6319071514e-02 -2.0258243351e-01 -1.1595838380e-01  1.5137603217e-01  2.0508716262e-01
 1.3617234469e+01  2.0908643851e-01  6.2500242633e-02 -1.9990685909e-01 -1.2122196313e-01  1.4649426783e-01  2.0728599803e-01
 1.3647294589e+01  2.0711563708e-01  6.8611678577e-02 -1.9706065100e-01 -1.2636983708e-01  1.4150245831e-01  2.0931812101e-01
 1.3677354709e+01  2.0496223982e-01  7.4648075036e-02 -1.9404666782e-01 -1.3139784045e-01  1.3640488990e-01  2.1118220975e-01
 1.3707414830e+01  2.0262858116e-01  8.0604205627e-02 -1.9086790905e-01 -1.3630191710e-01  1.3120592955e-01  2.1287707364e-01
 1.3737474950e+01  2.0011715143e-01  8.6474926351e-02 -1.8752751226e-01 -1.4107812321e-01  1.2591002125e-01  2.1440165419e-01
 1.3767535070e+01  1.9743059430e-01  9.2255179975e-02 -1.8402875011e-01 -1.4572263052e-01  1.2052168231e-01  2.1575502583e-01
 1.3797595190e+01  1.9457170410e-01  9.7940000317e-02 -1.8037502722e-01 -1.5023172934e-01  1.1504549961e-01  2.1693639665e-01
 1.3827655311e+01  1.9154342302e-01  1.0352451645e-01 -1.7656987701e-01 -1.5460183160e-01  1.0948612574e-01  2.1794510898e-01
 1.3857715431e+01  1.8834883818e-01  1.0900395683e-01 -1.7261695836e-01 -1.5882947366e-01  1.0384827519e-01  2.1878063990e-01
 1.3887775551e+01  1.8499117859e-01  1.1437365327e-01 -1.6852005219e-01 -1.6291131909e-01  9.8136720394e-02  2.1944260161e-01
 1.3917835671e+01  1.8147381201e-01  1.1962904491e-01 -1.6428305797e-01 -1.6684416135e-01  9.2356287763e-02  2.1993074173e-01
 1.3947895792e+01  1.7780024161e-01  1.2476568200e-01 -1.5990999008e-01 -1.7062492628e-01  8.6511853691e-02  2.2024494351e-01
 1.3977955912e+01  1.7397410261e-01  1.2977922961e-01 -1.5540497413e-01 -1.7425067453e-01  8.0608340501e-02  2.2038522583e-01
 1.4008016032e+01  1.6999915877e-01  1.3466547124e-01 -1.5077224313e-01 -1.7771860390e-01  7.4650712363e-02  2.2035174321e-01
 1.4038076152e+01  1.6587929877e-01  1.3942031232e-01 -1.4601613365e-01 -1.8102605147e-01  6.8643971179e-02  2.2014478565e-01
 1.4068136273e+01  1.6161853252e-01  1.4403978356e-01 -1.4114108181e-01 -1.8417049571e-01  6.2593152441e-02  2.1976477841e-01
 1.4098196393e+01  1.5722098729e-01  1.4852004423e-01 -1.3615161925e-01 -1.8714955838e-01  5.6503321058e-02  2.1921228157e-01
 1.4128256513e+01  1.5269090385e-01  1.5285738530e-01 -1.3105236902e-01 -1.8996100637e-01  5.0379567167e-02  2.1848798965e-01
 1.4158316633e+01  1.4803263244e-01  1.5704823243e-01 -1.2584804137e-01 -1.9260275339e-01  4.4227001925e-02  2.1759273098e-01
 1.4188376754e+01  1.4325062870e-01  1.6108914892e-01 -1.2054342946e-01 -1.9507286152e-01  3.8050753276e-02  2.1652746704e-01
 1.4218436874e+01  1.3834944946e-01  1.6497683842e-01 -1.1514340510e-01 -1.9736954266e-01  3.1855961726e-02  2.1529329167e-01
 1.4248496994e+01  1.3333374849e-01  1.6870814759e-01 -1.0965291427e-01 -1.9949115981e-01  2.5647776090e-02  2.1389143016e-01
 1.4278557114e+01  1.2820827218e-01  1.7228006861e-01 -1.0407697275e-01 -2.0143622827e-01  1.9431349245e-02  2.1232323826e-01
 1.4308617234e+01  1.2297785512e-01  1.7568974155e-01 -9.8420661551e-02 -2.0320341668e-01  1.3211833883e-02  2.1059020112e-01
 1.4338677355e+01  1.1764741560e-01  1.7893445661e-01 -9.2689122425e-02 -2.0479154793e-01  6.9943782615e-03  2.0869393200e-01
 1.4368737475e+01  1.1222195112e-01  1.8201165622e-01 -8.6887553223e-02 -2.0619959991e-01  7.8412196378e-04  2.0663617102e-01
 1.4398797595e+01  1.0670653371e-01  1.8491893701e-01 -8.1021203277e-02 -2.0742670622e-01 -5.4138083332e-03  2.0441878376e-01
 1.4428857715e+01  1.0110630532e-01  1.8765405163e-01 -7.5095368720e-02 -2.0847215662e-01 -1.1594303076e-02  2.0204375970e-01
 1.4458917836e+01  9.5426473100e-02  1.9021491041e-01 -6.9115387779e-02 -2.0933539746e-01 -1.7752274035e-02  1.9951321063e-01
 1.4488977956e+01  8.9672304611e-02  1.9259958297e-01 -6.3086636035e-02 -2.1001603186e-01 -2.3882658488e-02  1.9682936898e-01
 1.4519038076e+01  8.3849123036e-02  1.9480629952e-01 -5.7014521666e-02 -2.1051381991e-01 -2.9980423375e-02  1.9399458594e-01
 1.4549098196e+01  7.7962302328e-02  1.9683345221e-01 -5.0904480661e-02 -2.1082867857e-01 -3.6040569427e-02  1.9101132965e-01
 1.4579158317e+01  7.2017262324e-02  1.9867959616e-01 -4.4761972019e-02 -2.1096068154e-01 -4.2058135271e-02  1.8788218312e-01
 1.4609218437e+01  6.6019463832e-02  2.0034345048e-01 -3.8592472944e-02 -2.1091005898e-01 -4.8028201487e-02  1.8460984220e-01
 1.4639278557e+01  5.9974403690e-02  2.0182389905e-01 -3.2401474018e-02 -2.1067719709e-01 -5.3945894645e-02  1.8119711339e-01
 1.4669338677e+01  5.3887609801e-02  2.0311999122e-01 -2.6194474386e-02 -2.1026263751e-01 -5.9806391284e-02  1.7764691155e-01
 1.4699398798e+01  4.7764636149e-02  2.0423094227e-01 -1.9976976927e-02 -2.0966707669e-01 -6.5604921861e-02  1.7396225760e-01
 1.4729458918e+01  4.1611057810e-02  2.0515613389e-01 -1.3754483440e-02 -2.0889136504e-01 -7.1336774645e-02  1.7014627601e-01
 1.4759519038e+01  3.5432465943e-02  2.0589511429e-01 -7.5324898316e-03 -2.0793650597e-01 -7.6997299559e-02  1.6620219234e-01
 1.4789579158e+01  2.9234462782e-02  2.0644759836e-01 -1.3164813230e-03 -2.0680365483e-01 -8.2581911977e-02  1.6213333063e-01
 1.4819639279e+01  2.3022656627e-02  2.0681346758e-01  4.8880723315e-03 -2.0549411770e-01 -8.8086096455e-02  1.5794311066e-01
 1.4849699399e+01  1.6802656840e-02  2.0699276979e-01  1.1075721601e-02 -2.0400935005e-01 -9.3505410405e-02  1.5363504528e-01
 1.4879759519e+01  1.0580068850e-02  2.0698571885e-01  1.7241041912e-02 -2.0235095526e-01 -9.8835487710e-02  1.4921273749e-01
 1.4909819639e+01  4.3604891668e-03  2.0679269412e-01  2.3378638351e-02 -2.0052068308e-01 -1.0407204227e-01  1.4467987760e-01
 1.4939879760e+01 -1.8504995831e-03  2.0641423980e-01  2.9483150331e-02 -1.9852042786e-01 -1.0921087146e-01  1.4004024022e-01
 1.4969939880e+01 -8.0473335994e-03  2.0585106418e-01  3.5549256230e-02 -1.9635222677e-01 -1.1424785957e-01  1.3529768120e-01
 1.5000000000e+01 -1.4224472827e-02  2.0510403861e-01  4.1571677975e-02 -1.9401825782e-01 -1.1917898110e-01  1.3045613457e-01
