 0.0000000000e+00  1.0000000000e+00  0.0000000000e+00  0.0000000000e+00  0.0000000000e+00  0.0000000000e+00  0.0000000000e+00
 1.0000000000e-01  9.9750156210e-01  4.9937526040e-02  1.2489586590e-03  2.0820315750e-05  2.6028648550e-07  2.6030817910e-09
 2.0000000000e-01  9.9002497220e-01  9.9500832640e-02  4.9833541530e-03  1.6625041640e-04  4.1583402740e-06  8.3194543610e-08
 3.0000000000e-01  9.7762624650e-01  1.4831881630e-01  1.1165861950e-02  5.5934304770e-04  2.0999005910e-05  6.3044326340e-07
 4.0000000000e-01  9.6039822670e-01  1.9602657800e-01  1.9734663120e-02  1.3200532150e-03  6.6135107730e-05  2.6489395980e-06
 5.0000000000e-01  9.3846980720e-01  2.4226845770e-01  3.0604023460e-02  2.5637299950e-03  1.6073647640e-04  8.0536272410e-06
 6.0000000000e-01  9.1200486350e-01  2.8670098810e-01  4.3665096720e-02  4.3996567080e-03  3.3147036780e-04  1.9948195370e-05
 7.0000000000e-01  8.8120088860e-01  3.2899574150e-01  5.8786944360e-02  6.9296548270e-03  6.1009700800e-04  4.2882407060e-05
 8.0000000000e-01  8.4628735280e-01  3.6884204610e-01  7.5817762480e-02  1.0246766330e-02  1.0329849940e-03  8.3083611520e-05
 9.0000000000e-01  8.0752379810e-01  4.0594954610e-01  9.4586304270e-02  1.4434028480e-02  1.6405522310e-03  1.4865802170e-04
 1.0000000000e+00  7.6519768660e-01  4.4005058570e-01  1.1490348490e-01  1.9563353980e-02  2.4766389640e-03  2.4975773020e-04
 1.1000000000e+00  7.1962201850e-01  4.7090239490e-01  1.3656415400e-01  2.5694528610e-02  3.5878202930e-03  3.9870988310e-04
 1.2000000000e+00  6.7113274430e-01  4.9828905760e-01  1.5934901830e-01  3.2874336920e-02  5.0226662770e-03  6.1010492370e-04
 1.3000000000e+00  6.2008598960e-01  5.2202324740e-01  1.8302669880e-01  4.1135825720e-02  6.8309584000e-03  9.0084135770e-04
 1.4000000000e+00  5.6685512040e-01  5.4194771390e-01  2.0735589950e-01  5.0497713290e-02  9.0628717110e-03  1.2901250620e-03
 1.5000000000e+00  5.1182767170e-01  5.5793650790e-01  2.3208767210e-01  6.0963951140e-02  1.1768132420e-02  1.7994217670e-03
 1.6000000000e+00  4.5540216760e-01  5.6989593530e-01  2.5696775140e-01  7.2523443330e-02  1.4995161060e-02  2.4523619650e-03
 1.7000000000e+00  3.9798485940e-01  5.7776523150e-01  2.8173894240e-01  8.5149926950e-02  1.8790211580e-02  3.2745981410e-03
 1.8000000000e+00  3.3998641100e-01  5.8151695170e-01  3.0614353530e-01  9.8802015660e-02  2.3196516870e-02  4.2936148750e-03
 1.9000000000e+00  2.8181855940e-01  5.8115707270e-01  3.2992572770e-01  1.1342340660e-01  2.8253451170e-02  5.5384930140e-03
 2.0000000000e+00  2.2389077910e-01  5.7672480780e-01  3.5283402860e-01  1.2894324950e-01  3.3995719810e-02  7.0396297560e-03
 2.1000000000e+00  1.6660698030e-01  5.6829213580e-01  3.7462362520e-01  1.4527667410e-01  4.0452586430e-02  8.8284171170e-03
 2.2000000000e+00  1.1036226690e-01  5.5596304980e-01  3.9505868750e-01  1.6232547280e-01  4.7647147540e-02  1.0936881860e-02
 2.3000000000e+00  5.5539784450e-02  5.3987253260e-01  4.1391459170e-01  1.7997893130e-01  5.5595663770e-02  1.3397290550e-02
 2.4000000000e+00  2.5076832970e-03  5.2018526820e-01  4.3098004020e-01  1.9811479880e-01  6.4306956810e-02  1.6241723890e-02
 2.5000000000e+00 -4.8383776470e-02  4.9709410250e-01  4.4605905840e-01  2.1660039100e-01  7.3781880050e-02  1.9501625130e-02
 2.6000000000e+00 -9.6804954400e-02  4.7081826650e-01  4.5897285170e-01  2.3529381300e-01  8.4012870700e-02  2.3207327570e-02
 2.7000000000e+00 -1.4244937000e-01  4.4160137910e-01  4.6956150270e-01  2.5404529160e-01  9.4983589690e-02  2.7387566750e-02
 2.8000000000e+00 -1.8503603340e-01  4.0970924690e-01  4.7768549540e-01  2.7269860370e-01  1.0666865540e-01  3.2068983220e-02
 2.9000000000e+00 -2.2431154580e-01  3.7542748180e-01  4.8322705050e-01  2.9109258780e-01  1.1903347610e-01  3.7275621970e-02
 3.0000000000e+00 -2.6005195490e-01  3.3905895850e-01  4.8609126060e-01  3.0906272230e-01  1.3203418390e-01  4.3028434880e-02
 3.1000000000e+00 -2.9206434770e-01  3.0092113310e-01  4.8620701420e-01  3.2644275610e-01  1.4561767510e-01  4.9344792630e-02
 3.2000000000e+00 -3.2018816970e-01  2.6134324880e-01  4.8352770010e-01  3.4306637640e-01  1.5972175560e-01  5.6238012620e-02
 3.3000000000e+00 -3.4429626040e-01  2.2066345300e-01  4.7803168650e-01  3.5876889420e-01  1.7427539400e-01  6.3716909320e-02
 3.4000000000e+00 -3.6429559680e-01  1.7922585170e-01  4.6972256830e-01  3.7338893460e-01  1.8919908100e-01  7.1785373530e-02
 3.5000000000e+00 -3.8012774000e-01  1.3737752740e-01  4.5862918420e-01  3.8677011170e-01  2.0440529300e-01  8.0441986650e-02
 3.6000000000e+00 -3.9176898370e-01  9.5465547180e-02  4.4480539880e-01  3.9876267370e-01  2.1979905740e-01  8.9679676030e-02
 3.7000000000e+00 -3.9923020340e-01  5.3833987750e-02  4.2832965620e-01  4.0922510000e-01  2.3527861410e-01  9.9485417010e-02
 3.8000000000e+00 -4.0255641020e-01  1.2821002930e-02  4.0930430650e-01  4.1802563540e-01  2.5073617060e-01  1.0983998680e-01
 3.9000000000e+00 -4.0182601490e-01 -2.7244039620e-02  3.8785471250e-01  4.2504374480e-01  2.6605874100e-01  1.2071777520e-01
 4.0000000000e+00 -3.9714980990e-01 -6.6043328020e-02  3.6412814590e-01  4.3017147390e-01  2.8112906500e-01  1.3208665600e-01
 4.1000000000e+00 -3.8866967980e-01 -1.0327325770e-01  3.3829248090e-01  4.3331470260e-01  2.9582659600e-01  1.4390792380e-01
 4.2000000000e+00 -3.7655705440e-01 -1.3864694210e-01  3.1053470100e-01  4.3439427640e-01  3.1002855100e-01  1.5613629700e-01
 4.3000000000e+00 -3.6101111720e-01 -1.7189656020e-01  2.8105922880e-01  4.3334700560e-01  3.2361101160e-01  1.6871999270e-01
 4.4000000000e+00 -3.4225679000e-01 -2.0277552190e-01  2.5008609820e-01  4.3012652030e-01  3.3645006580e-01  1.8160087210e-01
 4.5000000000e+00 -3.2054250900e-01 -2.3106043190e-01  2.1784898370e-01  4.2470397300e-01  3.4842298030e-01  1.9471465860e-01
 4.6000000000e+00 -2.9613781660e-01 -2.5655283610e-01  1.8459310520e-01  4.1706857980e-01  3.5940939010e-01  2.0799122910e-01
 4.7000000000e+00 -2.6933078940e-01 -2.7908073580e-01  1.5057302950e-01  4.0722799500e-01  3.6929249600e-01  2.2135497700e-01
 4.8000000000e+00 -2.4042532730e-01 -2.9849985810e-01  1.1605038640e-01  3.9520851340e-01  3.7796025540e-01  2.3472524550e-01
 4.9000000000e+00 -2.0973832760e-01 -3.1469467100e-01  8.1291523090e-02  3.8105509800e-01  3.8530655610e-01  2.4801683030e-01
 5.0000000000e+00 -1.7759677130e-01 -3.2757913760e-01  4.6565116280e-02  3.6483123060e-01  3.9123236050e-01  2.6114054610e-01
 5.1000000000e+00 -1.4433474710e-01 -3.3709720200e-01  1.2139765880e-02  3.4661858700e-01  3.9564680710e-01  2.7400385550e-01
 5.2000000000e+00 -1.1029043980e-01 -3.4322300590e-01 -2.1718408620e-02  3.2651653770e-01  3.9846825980e-01  2.8651155430e-01
 5.3000000000e+00 -7.5803111590e-02 -3.4596083380e-01 -5.4748146450e-02  3.0464147800e-01  3.9962529130e-01  2.9856650890e-01
 5.4000000000e+00 -4.1210101240e-02 -3.4534479080e-01 -8.6695376820e-02  2.8112599310e-01  3.9905759140e-01  3.1007043860e-01
 5.5000000000e+00 -6.8438694180e-03 -3.4143821540e-01 -1.1731548160e-01  2.5611786510e-01  3.9671678910e-01  3.2092473710e-01
 5.6000000000e+00  2.6970884690e-02 -3.3433283630e-01 -1.4637546910e-01  2.2977892980e-01  3.9256717960e-01  3.3103132670e-01
 5.7000000000e+00  5.9920009720e-02 -3.2414768020e-01 -1.7365603790e-01  2.0228379400e-01  3.8658634730e-01  3.4029353560e-01
 5.8000000000e+00  9.1702567570e-02 -3.1102774430e-01 -1.9895351390e-01  1.7381842440e-01  3.7876567700e-01  3.4861699220e-01
 5.9000000000e+00  1.2203335460e-01 -2.9514244470e-01 -2.2208164090e-01  1.4457862040e-01  3.6911074640e-01  3.5591052730e-01
 6.0000000000e+00  1.5064525730e-01 -2.7668385810e-01 -2.4287321000e-01  1.1476838480e-01  3.5764159480e-01  3.6208707490e-01
 6.1000000000e+00  1.7729142220e-01 -2.5586477260e-01 -2.6118151160e-01  8.4598207570e-02  3.4439286330e-01  3.6706456400e-01
 6.2000000000e+00  2.0174722290e-01 -2.3291656710e-01 -2.7688159940e-01  5.4283277120e-02  3.2941380310e-01  3.7076679140e-01
 6.3000000000e+00  2.2381200610e-01 -2.0808694020e-01 -2.8987135220e-01  2.4041637200e-02  3.1276814960e-01  3.7312426700e-01
 6.4000000000e+00  2.4331060480e-01 -1.8163750900e-01 -3.0007232640e-01 -5.9076949720e-03  2.9453386240e-01  3.7407502290e-01
 6.5000000000e+00  2.6009460560e-01 -1.5384130140e-01 -3.0743039060e-01 -3.5346631290e-02  2.7480273100e-01  3.7356537710e-01
 6.6000000000e+00  2.7404336060e-01 -1.2498016520e-01 -3.1191613790e-01 -6.4059918440e-02  2.5367984850e-01  3.7155064380e-01
 6.7000000000e+00  2.8506473770e-01 -9.5342118040e-02 -3.1352507150e-01 -9.1837029100e-02  2.3128295580e-01  3.6799578230e-01
 6.8000000000e+00  2.9309560310e-01 -6.5218663400e-02 -3.1227756290e-01 -1.1847402070e-01  2.0774166230e-01  3.6287597640e-01
 6.9000000000e+00  2.9810203540e-01 -3.4902096100e-02 -3.0821858500e-01 -1.4377534450e-01  1.8319654630e-01  3.5617713730e-01
 7.0000000000e+00  3.0007927050e-01 -4.6828234820e-03 -3.0141722010e-01 -1.6755558800e-01  1.5779814470e-01  3.4789632480e-01
 7.1000000000e+00  2.9905138050e-01  2.5153274250e-02 -2.9196595110e-01 -1.8964113400e-01  1.3170583790e-01  3.3804207810e-01
 7.2000000000e+00  2.9507069140e-01  5.4327420220e-02 -2.7997974130e-01 -2.0987172100e-01  1.0508664050e-01  3.2663465490e-01
 7.3000000000e+00  2.8821694760e-01  8.2570430490e-02 -2.6559491190e-01 -2.2810188910e-01  7.8113907180e-02  3.1370617090e-01
 7.4000000000e+00  2.7859623270e-01  1.0962509490e-01 -2.4896782860e-01 -2.4420229950e-01  5.0965964160e-02  2.9930063920e-01
 7.5000000000e+00  2.6633965790e-01  1.3524842760e-01 -2.3027341050e-01 -2.5806091320e-01  2.3824679970e-02  2.8347390520e-01
 7.6000000000e+00  2.5160183380e-01  1.5921376840e-01 -2.0970347370e-01 -2.6958401770e-01 -3.1260139410e-03  2.6629347670e-01
 7.7000000000e+00  2.3455913960e-01  1.8131271530e-01 -1.8746492780e-01 -2.7869709340e-01 -2.9701638480e-02  2.4783824820e-01
 7.8000000000e+00  2.1540780770e-01  2.0135687280e-01 -1.6377784040e-01 -2.8534550880e-01 -5.5718704890e-02  2.2819811920e-01
 7.9000000000e+00  1.9436184480e-01  2.1917939990e-01 -1.3887338920e-01 -2.8949504000e-01 -8.0996261470e-02  2.0747350940e-01
 8.0000000000e+00  1.7165080710e-01  2.3463634690e-01 -1.1299172040e-01 -2.9113220710e-01 -1.0535743490e-01  1.8577477220e-01
 8.1000000000e+00  1.4751745400e-01  2.4760776700e-01 -8.6379733800e-02 -2.9026442560e-01 -1.2863095190e-01  1.6322151020e-01
 8.2000000000e+00  1.2221530180e-01  2.5799859760e-01 -5.9288814550e-02 -2.8691997060e-01 -1.5065262740e-01  1.3994179760e-01
 8.3000000000e+00  9.6006100900e-02  2.6573930200e-01 -3.1972534140e-02 -2.8114775220e-01 -1.7126680480e-01  1.1607131380e-01
 8.4000000000e+00  6.9157261660e-02  2.7078626830e-01 -4.6843406390e-03 -2.7301690670e-01 -1.9032773560e-01  9.1752396620e-02
 8.5000000000e+00  4.1939251840e-02  2.7312196370e-01  2.2324739610e-02 -2.6261620390e-01 -2.0770088350e-01  6.7133019380e-02
 8.6000000000e+00  1.4622991280e-02  2.7275484450e-01  4.8808367920e-02 -2.5005327810e-01 -2.2326414330e-01  4.2365702890e-02
 8.7000000000e+00 -1.2522732450e-02  2.6971902410e-01  7.4527105800e-02 -2.3545368810e-01 -2.3690895970e-01  1.7606368860e-02
 8.8000000000e+00 -3.9233803180e-02  2.6407370320e-01  9.9250553910e-02 -2.1895981510e-01 -2.4854133690e-01 -6.9868548420e-03
 8.9000000000e+00 -6.5253246850e-02  2.5590237140e-01  1.2275939770e-01 -2.0072960840e-01 -2.5808272930e-01 -3.1254867320e-02
 9.0000000000e+00 -9.0333611180e-02  2.4531178660e-01  1.4484734150e-01 -1.8093519030e-01 -2.6547080180e-01 -5.5038855670e-02
 9.1000000000e+00 -1.1423923270e-01  2.3243074500e-01  1.6532291290e-01 -1.5976133270e-01 -2.7066005540e-01 -7.8181573080e-02
 9.2000000000e+00 -1.3674837080e-01  2.1740865500e-01  1.8401112180e-01 -1.3740381940e-01 -2.7362230840e-01 -1.0052862270e-01
 9.3000000000e+00 -1.5765518990e-01  2.0041392780e-01  2.0075495940e-01 -1.1406770880e-01 -2.7434702950e-01 -1.2192973600e-01
 9.4000000000e+00 -1.7677157280e-01  1.8163220400e-01  2.1541672250e-01 -8.9965513560e-02 -2.7284151840e-01 -1.4224003400e-01
 9.5000000000e+00 -1.9392874770e-01  1.6126443080e-01  2.2787915420e-01 -6.5315313220e-02 -2.6913093090e-01 -1.6132126020e-01
 9.6000000000e+00 -2.0897871840e-01  1.3952481170e-01  2.3804638750e-01 -4.0338816960e-02 -2.6325814810e-01 -1.7904297310e-01
 9.7000000000e+00 -2.2179548200e-01  1.1663864790e-01  2.4584468780e-01 -1.5259395210e-02 -2.5528348890e-01 -1.9528368850e-01
 9.8000000000e+00 -2.3227602760e-01  9.2840091110e-02  2.5122298490e-01  9.6999027440e-03 -2.4528426900e-01 -2.0993195910e-01
 9.9000000000e+00 -2.4034110550e-01  6.8369832280e-02  2.5415319290e-01  3.4318326450e-02 -2.3335420710e-01 -2.2288738270e-01
 1.0000000000e+01 -2.4593576450e-01  4.3472746170e-02  2.5463031370e-01  5.8379379310e-02 -2.1960268610e-01 -2.3406152820e-01
 1.0100000000e+01 -2.4902965060e-01  1.8395515460e-02  2.5267232690e-01  8.1672732820e-02 -2.0415387180e-01 -2.4337876990e-01
 1.0200000000e+01 -2.4961706990e-01 -6.6157432980e-03  2.4831986530e-01  1.0399608260e-01 -1.8714569900e-01 -2.5077702300e-01
 1.0300000000e+01 -2.4771681350e-01 -3.1317829480e-02  2.4163568150e-01  1.2515692910e-01 -1.6872873260e-01 -2.5620837190e-01
 1.0400000000e+01 -2.4337175070e-01 -5.5472761850e-02  2.3270391190e-01  1.4497426640e-01 -1.4906491200e-01 -2.5963958340e-01
 1.0500000000e+01 -2.3664819450e-01 -7.8850014230e-02  2.2162914410e-01  1.6328016440e-01 -1.2832619310e-01 -2.6105250190e-01
 1.0600000000e+01 -2.2763504760e-01 -1.0122866260e-01  2.0853530000e-01  1.7992122860e-01 -1.0669309510e-01 -2.6044431920e-01
 1.0700000000e+01 -2.1644273990e-01 -1.2239942390e-01  1.9356434290e-01  1.9475992600e-01 -8.4353169490e-02 -2.5782771620e-01
 1.0800000000e+01 -2.0320196710e-01 -1.4216656830e-01  1.7687482480e-01  2.0767576270e-01 -6.1499401120e-02 -2.5323087460e-01
 1.0900000000e+01 -1.8806224600e-01 -1.6034968670e-01  1.5864028510e-01  2.1856630510e-01 -3.8328557540e-02 -2.4669735650e-01
 1.1000000000e+01 -1.7119030040e-01 -1.7678529900e-01  1.3904751880e-01  2.2734803310e-01 -1.5039500750e-02 -2.3828585180e-01
 1.1100000000e+01 -1.5276829540e-01 -1.9132828780e-01  1.1829473010e-01  2.3395701930e-01  8.1685236220e-03 -2.2806979510e-01
 1.1200000000e+01 -1.3299193690e-01 -2.0385314590e-01  9.6589589380e-02  2.3834942780e-01  3.1097604070e-02 -2.1613685340e-01
 1.1300000000e+01 -1.1206845610e-01 -2.1425502620e-01  7.4147212530e-02  2.4050182710e-01  5.3552872650e-02 -2.0258828890e-01
 1.1400000000e+01 -9.0214500250e-02 -2.2245058640e-01  5.1188081580e-02  2.4041131680e-01  7.5344190420e-02 -1.8753820070e-01
 1.1500000000e+01 -6.7653948110e-02 -2.2837862070e-01  2.7935927130e-02  2.3809546490e-01  9.6287793680e-02 -1.7111265190e-01
 1.1600000000e+01 -4.4615674090e-02 -2.3200047460e-01  4.6155922630e-03  2.3359205820e-01  1.1620788610e-01 -1.5344868840e-01
 1.1700000000e+01 -2.1331281390e-02 -2.3330024080e-01 -1.8549101660e-02  2.2695866760e-01  1.3493816200e-01 -1.3469325770e-01
 1.1800000000e+01  1.9671733070e-03 -2.3228473430e-01 -4.1337467250e-02  2.1827203350e-01  1.5232324700e-01 -1.1500203550e-01
 1.1900000000e+01  2.5049441700e-02 -2.2898324970e-01 -6.3534021470e-02  2.0762727610e-01  1.6822004300e-01 -9.4538171510e-02
 1.2000000000e+01  4.7689310800e-02 -2.2344710450e-01 -8.4930494880e-02  1.9513693950e-01  1.8249896460e-01 -7.3470963100e-02
 1.2100000000e+01  6.9666773610e-02 -2.1574897340e-01 -1.0532776090e-01  1.8092987890e-01  1.9504505620e-01 -5.1974469770e-02
 1.2200000000e+01  9.0770123170e-02 -2.0598202170e-01 -1.2453766770e-01  1.6514999950e-01  2.0575897890e-01 -3.0226078880e-02
 1.2300000000e+01  1.1079795030e-01 -1.9425884800e-01 -1.4238475490e-01  1.4795486270e-01  2.1455785860e-01 -8.4050359660e-03
 1.2400000000e+01  1.2956102650e-01 -1.8071024690e-01 -1.5870784050e-01  1.2951416930e-01  2.2137598700e-01  1.3309048100e-02
 1.2500000000e+01  1.4688405470e-01 -1.6548380460e-01 -1.7336146340e-01  1.1000813630e-01  2.2616536890e-01  3.4737699760e-02
 1.2600000000e+01  1.6260727170e-01 -1.4874234340e-01 -1.8621716750e-01  8.9625782300e-02  2.2889611150e-01  5.5705082130e-02
 1.2700000000e+01  1.7658788860e-01 -1.3066222900e-01 -1.9716461750e-01  6.8563136870e-02  2.2955665070e-01  7.6039477750e-02
 1.2800000000e+01  1.8870135480e-01 -1.1143155930e-01 -2.0611253590e-01  4.7021391800e-02  2.2815381330e-01  9.5574741530e-02
 1.2900000000e+01  1.9884243710e-01 -9.1248252250e-02 -2.1298945300e-01  2.5205011010e-02  2.2471271390e-01  1.1415171080e-01
 1.3000000000e+01  2.0692610240e-01 -7.0318052120e-02 -2.1774426420e-01  3.3198169700e-03  2.1927648750e-01  1.3161955990e-01
 1.3100000000e+01  2.1288819750e-01 -4.8852473330e-02 -2.2034659040e-01 -1.8428928310e-02  2.1190585990e-01  1.4783708700e-01
 1.3200000000e+01  2.1668592230e-01 -2.7066702760e-02 -2.2078693780e-01 -3.9838429910e-02  2.0267856060e-01  1.6267392120e-01
 1.3300000000e+01  2.1829809030e-01 -5.1774805550e-03 -2.1907665880e-01 -6.0710236380e-02  1.9168858230e-01  1.7601163920e-01
 1.3400000000e+01  2.1772517870e-01  1.6599019860e-02 -2.1524771310e-01 -8.0852068540e-02  1.7904529430e-01  1.8774478160e-01
 1.3500000000e+01  2.1498916590e-01  3.8049292090e-02 -2.0935223370e-01 -1.0007958360e-01  1.6487241880e-01  1.9778175770e-01
 1.3600000000e+01  2.1013316140e-01  5.8964557250e-02 -2.0146190300e-01 -1.1821805810e-01  1.4930687730e-01  2.0604563300e-01
 1.3700000000e+01  2.0322083260e-01  7.9142765100e-02 -1.9166714430e-01 -1.3510397510e-01  1.3249752020e-01  2.1247478980e-01
 1.3800000000e+01  1.9433563520e-01  9.8390516660e-02 -1.8007614000e-01 -1.5058649930e-01  1.1460374910e-01  2.1702345530e-01
 1.3900000000e+01  1.8357985550e-01  1.1652489040e-01 -1.6681368420e-01 -1.6452882830e-01  9.5794046080e-02  2.1966209220e-01
 1.4000000000e+01  1.7107347610e-01  1.3337515470e-01 -1.5201988260e-01 -1.7680940690e-01  7.6244422500e-02  2.2037764830e-01
 1.4100000000e+01  1.5695287700e-01  1.4878435130e-01 -1.3584871370e-01 -1.8732299350e-01  5.6136801600e-02  2.1917366110e-01
 1.4200000000e+01  1.4136938470e-01  1.6261073420e-01 -1.1846646430e-01 -1.9598156920e-01  3.5657350590e-02  2.1607021740e-01
 1.4300000000e+01  1.2448768530e-01  1.7472905200e-01 -1.0005005560e-01 -2.0271508160e-01  1.4994776660e-02  2.1110376780e-01
 1.4400000000e+01  1.0648411850e-01  1.8503166160e-01 -8.0785276600e-02 -2.0747201620e-01 -5.6613968280e-03  2.0432679580e-01
 1.4500000000e+01  8.7544868010e-02  1.9342946360e-01 -6.0864942000e-02 -2.1021979240e-01 -2.6122558320e-02  1.9580734650e-01
 1.4600000000e+01  6.7864068320e-02  1.9985265140e-01 -4.0486992780e-02 -2.1094497820e-01 -4.6202724300e-02  1.8562841700e-01
 1.4700000000e+01  4.7641845900e-02  2.0425126830e-01 -1.9852557690e-02 -2.0965332480e-01 -6.5720227960e-02  1.7388721440e-01
 1.4800000000e+01  2.7082314590e-02  2.0659556720e-01  8.3600530330e-04 -2.0636961980e-01 -8.4499364680e-02  1.6069428750e-01
 1.4900000000e+01  6.3915448910e-03  2.0687617180e-01  2.1377068770e-02 -2.0113736140e-01 -1.0237197940e-01  1.4617254020e-01
 1.5000000000e+01 -1.4224472830e-02  2.0510403860e-01  4.1571677980e-02 -1.9401825780e-01 -1.1917898110e-01  1.3045613460e-01
