 0.0000000000e+00  3.0000000000e+00 0.0000000000e-01
 2.0943951030e-02  2.9935135450e+00 -6.1489113830e-01
 4.1887902040e-02  2.9744380780e+00 -1.2019172260e+00
 6.2831853080e-02  2.9433719500e+00 -1.7597004880e+00
 8.3775804120e-02  2.9009404580e+00 -2.2870452430e+00
 1.0471975520e-01  2.8477920570e+00 -2.7829355730e+00
 1.2566370620e-01  2.7845946180e+00 -3.2465323160e+00
 1.4660765720e-01  2.7120317700e+00 -3.6771694100e+00
 1.6755160820e-01  2.6307993170e+00 -4.0743496530e+00
 1.8849555920e-01  2.5416017470e+00 -4.4377399210e+00
 2.0943951030e-01  2.4451488540e+00 -4.7671658550e+00
 2.3038346130e-01  2.3421524690e+00 -5.0626061030e+00
 2.5132741230e-01  2.2333233260e+00 -5.3241861390e+00
 2.7227136340e-01  2.1193680470e+00 -5.5521716900e+00
 2.9321531440e-01  2.0009862790e+00 -5.7469618520e+00
 3.1415926540e-01  1.8788679800e+00 -5.9090818980e+00
 3.3510321650e-01  1.7536908440e+00 -6.0391758540e+00
 3.5604716730e-01  1.6261179100e+00 -6.1379988420e+00
 3.7699111850e-01  1.4967952940e+00 -6.2064093150e+00
 3.9793506960e-01  1.3663501240e+00 -6.2453611000e+00
 4.1887902040e-01  1.2353886300e+00 -6.2558953970e+00
 4.3982297160e-01  1.1044943760e+00 -6.2391327330e+00
 4.6076692270e-01  9.7422671080e-01 -6.1962648880e+00
 4.8171087350e-01  8.4511933960e-01 -6.1285468570e+00
 5.0265482460e-01  7.1767909170e-01 -6.0372888620e+00
 5.2359877580e-01  5.9238484670e-01 -5.9238484710e+00
 5.4454272660e-01  4.6968662350e-01 -5.7896228160e+00
 5.6548667770e-01  3.5000483110e-01 -5.6360409690e+00
 5.8643062890e-01  2.3372967750e-01 -5.4645565050e+00
 6.0737457970e-01  1.2122074140e-01 -5.2766402520e+00
 6.2831853080e-01  1.2806666400e-02 -5.0737732530e+00
 6.4926248190e-01 -9.1214965600e-02 -4.8574400060e+00
 6.7020643270e-01 -1.9057763700e-01 -4.6291219410e+00
 6.9115038390e-01 -2.8504578260e-01 -4.3902911710e+00
 7.1209433500e-01 -3.7441450830e-01 -4.1424045780e+00
 7.3303828580e-01 -4.5850922790e-01 -3.8868981630e+00
 7.5398223700e-01 -5.3718517050e-01 -3.6251817270e+00
 7.7492618810e-01 -6.1032676530e-01 -3.3586339260e+00
 7.9587013890e-01 -6.7784695420e-01 -3.0885975950e+00
 8.1681409000e-01 -7.3968638960e-01 -2.8163754640e+00
 8.3775804120e-01 -7.9581255330e-01 -2.5432262070e+00
 8.5870199200e-01 -8.4621879320e-01 -2.2703608580e+00
 8.7964594310e-01 -8.9092329910e-01 -1.9989395290e+00
 9.0058989430e-01 -9.2996799450e-01 -1.7300685550e+00
 9.2153384510e-01 -9.6341738990e-01 -1.4647979410e+00
 9.4247779620e-01 -9.9135737880e-01 -1.2041191320e+00
 9.6342174730e-01 -1.0138939860e+00 -9.4896320940e-01
 9.8436569810e-01 -1.0311520960e+00 -7.0019933110e-01
 1.0053096490e+00 -1.0432741340e+00 -4.5863353760e-01
 1.0262536000e+00 -1.0504187410e+00 -2.2500791620e-01
 1.0471975520e+00 -1.0527594210e+00  0.0000000000e+00
 1.0681415020e+00 -1.0504831960e+00  2.1577748090e-01
 1.0890854530e+00 -1.0437892370e+00  4.2177656220e-01
 1.1100294050e+00 -1.0328875160e+00  6.1751375600e-01
 1.1309733550e+00 -1.0179974670e+00  8.0256947610e-01
 1.1519173070e+00 -9.9934663900e-01  9.7658721420e-01
 1.1728612580e+00 -9.7716940590e-01  1.1392724940e+00
 1.1938052090e+00 -9.5170566550e-01  1.2903915820e+00
 1.2147491600e+00 -9.2319958850e-01  1.4297699960e+00
 1.2356931110e+00 -8.9189839410e-01  1.5572908380e+00
 1.2566370620e+00 -8.5805116360e-01  1.6728929230e+00
 1.2775810130e+00 -8.2190769240e-01  1.7765687580e+00
 1.2985249640e+00 -7.8371739050e-01  1.8683623730e+00
 1.3194689150e+00 -7.4372822580e-01  1.9483670190e+00
 1.3404128660e+00 -7.0218571880e-01  2.0167227440e+00
 1.3613568170e+00 -6.5933198870e-01  2.0736138800e+00
 1.3823007680e+00 -6.1540485310e-01  2.1192664240e+00
 1.4032447190e+00 -5.7063698310e-01  2.1539453700e+00
 1.4241886700e+00 -5.2525511540e-01  2.1779519600e+00
 1.4451326210e+00 -4.7947932170e-01  2.1916209130e+00
 1.4660765720e+00 -4.3352233870e-01  2.1953176060e+00
 1.4870205230e+00 -3.8758895310e-01  2.1894352550e+00
 1.5079644740e+00 -3.4187544920e-01  2.1743920790e+00
 1.5289084250e+00 -2.9656911540e-01  2.1506284810e+00
 1.5498523760e+00 -2.5184780820e-01  2.1186042430e+00
 1.5707963270e+00 -2.0787957630e-01  2.0787957630e+00
 1.5917402780e+00 -1.6482233910e-01  2.0316933220e+00
 1.6126842290e+00 -1.2282362760e-01  1.9777984100e+00
 1.6336281800e+00 -8.2020373800e-02  1.9176211160e+00
 1.6545721310e+00 -4.2538759000e-02  1.8516775800e+00
 1.6755160820e+00 -4.4941126000e-03  1.7804875310e+00
 1.6964600330e+00  3.2009137800e-02  1.7045719110e+00
 1.7174039840e+00  6.6877468400e-02  1.6244505780e+00
 1.7383479350e+00  1.0002821130e-01  1.5406401310e+00
 1.7592918860e+00  1.3138946720e-01  1.4536518150e+00
 1.7802358370e+00  1.6089997050e-01  1.3639895520e+00
 1.8011797890e+00  1.8850891650e-01  1.2721480710e+00
 1.8221237390e+00  2.1417575100e-01  1.1786111700e+00
 1.8430676900e+00  2.3786992280e-01  1.0838500720e+00
 1.8640116420e+00  2.5957060510e-01  9.8832193380e-01
 1.8849555920e+00  2.7926638750e-01  8.9246845130e-01
 1.9058995440e+00  2.9695493580e-01  7.9671459330e-01
 1.9268434950e+00  3.1264263230e-01  7.0146747360e-01
 1.9477874450e+00  3.2634418950e-01  6.0711532480e-01
 1.9687313970e+00  3.3808224480e-01  5.1402660880e-01
 1.9896753480e+00  3.4788693990e-01  4.2254925290e-01
 2.0106192990e+00  3.5579548210e-01  3.3300998580e-01
 2.0315632500e+00  3.6185169450e-01  2.4571381230e-01
 2.0525072010e+00  3.6610555770e-01  1.6094359200e-01
 2.0734511520e+00  3.6861274160e-01  7.8959733980e-02
 2.0943951030e+00  3.6943413300e-01  0.0000000000e+00
 2.1153390540e+00  3.6863536060e-01 -7.5720592430e-02
 2.1362830050e+00  3.6628631770e-01 -1.4800975030e-01
 2.1572269560e+00  3.6246068820e-01 -2.1669780870e-01
 2.1781709070e+00  3.5723547430e-01 -2.8163752590e-01
 2.1991148580e+00  3.5069052990e-01 -3.4270379740e-01
 2.2200588090e+00  3.4290809940e-01 -3.9979328420e-01
 2.2410027600e+00  3.3397236880e-01 -4.5282396580e-01
 2.2619467110e+00  3.2396902160e-01 -5.0173461170e-01
 2.2828906620e+00  3.1298481260e-01 -5.4648420130e-01
 2.3038346130e+00  3.0110714880e-01 -5.8705126240e-01
 2.3247785640e+00  2.8842368890e-01 -6.2343316640e-01
 2.3457225150e+00  2.7502195560e-01 -6.5564536420e-01
 2.3666664660e+00  2.6098896560e-01 -6.8372057890e-01
 2.3876104170e+00  2.4641087700e-01 -7.0770795700e-01
 2.4085543680e+00  2.3137265430e-01 -7.2767218320e-01
 2.4294983190e+00  2.1595775230e-01 -7.4369256540e-01
 2.4504422700e+00  2.0024782000e-01 -7.5586209410e-01
 2.4713862210e+00  1.8432242380e-01 -7.6428648210e-01
 2.4923301720e+00  1.6825879110e-01 -7.6908318850e-01
 2.5132741230e+00  1.5213157550e-01 -7.7038043130e-01
 2.5342180740e+00  1.3601264060e-01 -7.6831619790e-01
 2.5551620250e+00  1.1997086660e-01 -7.6303724950e-01
 2.5761059760e+00  1.0407197670e-01 -7.5469813200e-01
 2.5970499270e+00  8.8378384220e-02 -7.4346019270e-01
 2.6179938790e+00  7.2949060780e-02 -7.2949060780e-01
 2.6389378290e+00  5.7839423360e-02 -7.1296142880e-01
 2.6598817800e+00  4.3101243630e-02 -6.9404863670e-01
 2.6808257320e+00  2.8782573630e-02 -6.7293123150e-01
 2.7017696820e+00  1.4927693020e-02 -6.4979033920e-01
 2.7227136340e+00  1.5770730600e-03 -6.2480834070e-01
 2.7436575850e+00 -1.1232640520e-02 -5.9816804560e-01
 2.7646015360e+00 -2.3468628380e-02 -5.7005188300e-01
 2.7855454870e+00 -3.5101880680e-02 -5.4064113710e-01
 2.8064894380e+00 -4.6107166540e-02 -5.1011521430e-01
 2.8274333890e+00 -5.6462986680e-02 -4.7865095020e-01
 2.8483773400e+00 -6.6151512730e-02 -4.4642195570e-01
 2.8693212910e+00 -7.5158513220e-02 -4.1359800380e-01
 2.8902652420e+00 -8.3473267420e-02 -3.8034445780e-01
 2.9112091930e+00 -9.1088466770e-02 -3.4682174230e-01
 2.9321531440e+00 -9.8000106860e-02 -3.1318485640e-01
 2.9530970950e+00 -1.0420736890e-01 -2.7958293130e-01
 2.9740410460e+00 -1.0971249230e-01 -2.4615883030e-01
 2.9949849970e+00 -1.1452064000e-01 -2.1304879230e-01
 3.0159289480e+00 -1.1863975630e-01 -1.8038211830e-01
 3.0368728990e+00 -1.2208041800e-01 -1.4828090220e-01
 3.0578168500e+00 -1.2485568200e-01 -1.1685979980e-01
 3.0787608010e+00 -1.2698092700e-01 -8.6225843450e-02
 3.0997047520e+00 -1.2847369180e-01 -5.6478294080e-02
 3.1206487030e+00 -1.2935351230e-01 -2.7708534440e-02
 3.1415926540e+00 -1.2964175480e-01  0.0000000000e+00
 3.1625366060e+00 -1.2936144960e-01  2.6571857110e-02
 3.1834805550e+00 -1.2853712400e-01  5.1939552050e-02
 3.2044245070e+00 -1.2719463480e-01  7.6043553430e-02
 3.2253684590e+00 -1.2536100380e-01  9.8832187550e-02
 3.2463124080e+00 -1.2306425330e-01  1.2026154970e-01
 3.2672563600e+00 -1.2033324420e-01  1.4029538240e-01
 3.2882003120e+00 -1.1719751910e-01  1.5890489970e-01
 3.3091442610e+00 -1.1368714680e-01  1.7606861230e-01
 3.3300882130e+00 -1.0983257010e-01  1.9177213060e-01
 3.3510321650e+00 -1.0566446230e-01  2.0600791770e-01
 3.3719761140e+00 -1.0121358560e-01  2.1877504530e-01
 3.3929200660e+00 -9.6510651580e-02  2.3007894520e-01
 3.4138640180e+00 -9.1586196990e-02  2.3993109540e-01
 3.4348079670e+00 -8.6470457810e-02  2.4834873920e-01
 3.4557519190e+00 -8.1193247110e-02  2.5535458270e-01
 3.4766958710e+00 -7.5783852790e-02  2.6097645130e-01
 3.4976398200e+00 -7.0270926710e-02  2.6524698020e-01
 3.5185837720e+00 -6.4682389190e-02  2.6820326540e-01
 3.5395277250e+00 -5.9045342480e-02  2.6988652370e-01
 3.5604716730e+00 -5.3385983460e-02  2.7034175240e-01
 3.5814156260e+00 -4.7729529330e-02  2.6961737200e-01
 3.6023595780e+00 -4.2100153290e-02  2.6776488400e-01
 3.6233035270e+00 -3.6520918200e-02  2.6483852290e-01
 3.6442474790e+00 -3.1013725180e-02  2.6089490730e-01
 3.6651914310e+00 -2.5599270130e-02  2.5599270320e-01
 3.6861353800e+00 -2.0296999420e-02  2.5019228720e-01
 3.7070793320e+00 -1.5125079680e-02  2.4355541340e-01
 3.7280232840e+00 -1.0100375010e-02  2.3614489770e-01
 3.7489672330e+00 -5.2384232000e-03  2.2802430060e-01
 3.7699111850e+00 -5.5342644000e-04  2.1925762280e-01
 3.7908551370e+00  3.9417562900e-03  2.0990901480e-01
 3.8117990860e+00  8.2356065100e-03  2.0004249720e-01
 3.8327430380e+00  1.2317944970e-02  1.8972168400e-01
 3.8536869900e+00  1.6179918200e-02  1.7900953210e-01
 3.8746309390e+00  1.9813980440e-02  1.6796809930e-01
 3.8955748910e+00  2.3213875930e-02  1.5665830700e-01
 3.9165188430e+00  2.6374611200e-02  1.4513973100e-01
 3.9374627920e+00  2.9292423000e-02  1.3347040380e-01
 3.9584067440e+00  3.1964747110e-02  1.2170661920e-01
 3.9793506960e+00  3.4390178830e-02  1.0990276850e-01
 4.0002946450e+00  3.6568429930e-02  9.8111188090e-02
 4.0212385970e+00  3.8500286630e-02  8.6382009400e-02
 4.0421825490e+00  4.0187561120e-02  7.4763040040e-02
 4.0631264980e+00  4.1633040180e-02  6.3299659460e-02
 4.0840704500e+00  4.2840436740e-02  5.2034705710e-02
 4.1050144020e+00  4.3814332000e-02  4.1008417370e-02
 4.1259583510e+00  4.4560122290e-02  3.0258357430e-02
 4.1469023030e+00  4.5083963170e-02  1.9819352000e-02
 4.1678462550e+00  4.5392709700e-02  9.7234724140e-03
 4.1887902040e+00  4.5493859570e-02  6.6105200840e-10
 4.2097341560e+00  4.5395494980e-02 -9.3245907470e-03
 4.2306781080e+00  4.5106222780e-02 -1.8226619200e-02
 4.2516220570e+00  4.4635116760e-02 -2.6685188490e-02
 4.2725660090e+00  4.3991659300e-02 -3.4682172150e-02
 4.2935099620e+00  4.3185683900e-02 -4.2202160010e-02
 4.3144539100e+00  4.2227318910e-02 -4.9232428160e-02
 4.3353978630e+00  4.1126930810e-02 -5.5762876700e-02
 4.3563418150e+00  3.9895071490e-02 -6.1785963670e-02
 4.3772857640e+00  3.8542424370e-02 -6.7296638740e-02
 4.3982297160e+00  3.7079752780e-02 -7.2292258430e-02
 4.4191736680e+00  3.5517851780e-02 -7.6772497130e-02
 4.4401176170e+00  3.3867499310e-02 -8.0739258790e-02
 4.4610615690e+00  3.2139410640e-02 -8.4196573440e-02
 4.4820055210e+00  3.0344196170e-02 -8.7150491860e-02
 4.5029494700e+00  2.8492318700e-02 -8.9608980720e-02
 4.5238934220e+00  2.6594054880e-02 -9.1581806380e-02
 4.5448373740e+00  2.4659459840e-02 -9.3080419160e-02
 4.5657813230e+00  2.2698331640e-02 -9.4117838080e-02
 4.5867252750e+00  2.0720180300e-02 -9.4708526810e-02
 4.6076692270e+00  1.8734198810e-02 -9.4868275570e-02
 4.6286131760e+00  1.6749237340e-02 -9.4614076230e-02
 4.6495571280e+00  1.4773777790e-02 -9.3964001510e-02
 4.6705010800e+00  1.2815913380e-02 -9.2937083300e-02
 4.6914450290e+00  1.0883330570e-02 -9.1553190650e-02
 4.7123889810e+00  8.9832910160e-03 -8.9832910160e-02
 4.7333329330e+00  7.1226189370e-03 -8.7797428990e-02
 4.7542768820e+00  5.3076901470e-03 -8.5468418850e-02
 4.7752208340e+00  3.5444217470e-03 -8.2867922120e-02
 4.7961647860e+00  1.8382662900e-03 -8.0018243340e-02
 4.8171087350e+00  1.9420813400e-04 -7.6941842630e-02
 4.8380526870e+00 -1.3832402710e-03 -7.3661231180e-02
 4.8589966390e+00 -2.8900376010e-03 -7.0198874190e-02
 4.8799405880e+00 -4.3226107920e-03 -6.6577096980e-02
 4.9008845400e+00 -5.6778536990e-03 -6.2817990710e-02
 4.9218284920e+00 -6.9531183260e-03 -5.8943332640e-02
 4.9427724410e+00 -8.1462087990e-03 -5.4974503110e-02
 4.9637163930e+00 -9.2553734230e-03 -5.0932406670e-02
 4.9846603450e+00 -1.0279291540e-02 -4.6837407950e-02
 5.0056042940e+00 -1.1217062840e-02 -4.2709263580e-02
 5.0265482460e+00 -1.2068194880e-02 -3.8567058580e-02
 5.0474921980e+00 -1.2832586460e-02 -3.4429158800e-02
 5.0684361470e+00 -1.3510513120e-02 -3.0313158320e-02
 5.0893800990e+00 -1.4102611170e-02 -2.6235831830e-02
 5.1103240520e+00 -1.4609858460e-02 -2.2213103870e-02
 5.1312680000e+00 -1.5033557770e-02 -1.8260009110e-02
 5.1522119530e+00 -1.5375316910e-02 -1.4390666120e-02
 5.1731559050e+00 -1.5637029530e-02 -1.0618256570e-02
 5.1940998540e+00 -1.5820855640e-02 -6.9550033870e-03
 5.2150438060e+00 -1.5929200910e-02 -3.4121592590e-03
 5.2359877580e+00 -1.5964696410e-02  1.0914710690e-10
 5.2569317070e+00 -1.5930178340e-02  3.2721834010e-03
 5.2778756590e+00 -1.5828666990e-02  6.3960815130e-03
 5.2988196110e+00 -1.5663346530e-02  9.3643614900e-03
 5.3197635600e+00 -1.5437544600e-02  1.2170661000e-02
 5.3407075120e+00 -1.5154711890e-02  1.4809574170e-02
 5.3616514640e+00 -1.4818402560e-02  1.7276634430e-02
 5.3825954130e+00 -1.4432254650e-02  1.9568297810e-02
 5.4035393650e+00 -1.3999970820e-02  2.1681918350e-02
 5.4244833170e+00 -1.3525300080e-02  2.3615723690e-02
 5.4454272660e+00 -1.3012019730e-02  2.5368785290e-02
 5.4663712180e+00 -1.2463917730e-02  2.6940989800e-02
 5.4873151700e+00 -1.1884776270e-02  2.8333005270e-02
 5.5082591190e+00 -1.1278355830e-02  2.9546245260e-02
 5.5292030710e+00 -1.0648379510e-02  3.0582833760e-02
 5.5501470230e+00 -9.9985189240e-03  3.1445566330e-02
 5.5710909720e+00 -9.3323806460e-03  3.2137869800e-02
 5.5920349240e+00 -8.6534929320e-03  3.2663762730e-02
 5.6129788760e+00 -7.9652940920e-03  3.3027813620e-02
 5.6339228250e+00 -7.2711216300e-03  3.3235098090e-02
 5.6548667770e+00 -6.5742014740e-03  3.3291156970e-02
 5.6758107290e+00 -5.8776390720e-03  3.3201953390e-02
 5.6967546780e+00 -5.1844112910e-03  3.2973829310e-02
 5.7176986300e+00 -4.4973578900e-03  3.2613463370e-02
 5.7386425820e+00 -3.8191761980e-03  3.2127827970e-02
 5.7595865310e+00 -3.1524148000e-03  3.1524147550e-02
 5.7805304830e+00 -2.4994681010e-03  3.0809856900e-02
 5.8014744350e+00 -1.8625735390e-03  2.9992560990e-02
 5.8224183840e+00 -1.2438078310e-03  2.9079995310e-02
 5.8433623360e+00 -6.4508408500e-04  2.8079986580e-02
 5.8643062890e+00 -6.8151422000e-05  2.7000416440e-02
 5.8852502370e+00  4.8540637800e-04  2.5849185120e-02
 5.9061941900e+00  1.0141714070e-03  2.4634175440e-02
 5.9271381420e+00  1.5168897930e-03  2.3363221890e-02
 5.9480820910e+00  1.9924712980e-03  2.2044077240e-02
 5.9690260430e+00  2.4399869140e-03  2.0684382980e-02
 5.9899699950e+00  2.8586660600e-03  1.9291641880e-02
 6.0109139440e+00  3.2478938310e-03  1.7873190390e-02
 6.0318578960e+00  3.6072069800e-03  1.6436174230e-02
 6.0528018480e+00  3.9362895580e-03  1.4987526380e-02
 6.0737457970e+00  4.2349685990e-03  1.3533944830e-02
 6.0946897490e+00  4.5032087460e-03  1.2081873840e-02
 6.1156337010e+00  4.7411066780e-03  1.0637487520e-02
 6.1365776500e+00  4.9488855750e-03  9.2066731180e-03
 6.1575216020e+00  5.1268887520e-03  7.7950180110e-03
 6.1784655540e+00  5.2755732060e-03  6.4077987320e-03
 6.1994095030e+00  5.3955032380e-03  5.0499698560e-03
 6.2203534550e+00  5.4873433840e-03  3.7261566230e-03
 6.2412974070e+00  5.5518516180e-03  2.4406483180e-03
 6.2622413560e+00  5.5898721130e-03  1.1973943390e-03
 6.2831853080e+00  5.6023281900e-03  0.0000000000e+00
