 0.00000000e+00  2.00000000e+00  0.00000000e+00
 2.51188643e-05  2.00000000e+00 -5.02358358e-05
 5.02377286e-05  2.00000000e+00 -1.00467886e-04
 7.53565929e-05  1.99999999e+00 -1.50696151e-04
 1.00475457e-04  1.99999999e+00 -2.00920631e-04
 2.26069779e-04  1.99999995e+00 -4.51986266e-04
 3.51664100e-04  1.99999988e+00 -7.02957314e-04
 4.77258422e-04  1.99999977e+00 -9.53833807e-04
 6.02852744e-04  1.99999964e+00 -1.20461578e-03
 1.23082435e-03  1.99999849e+00 -2.45710889e-03
 1.85879596e-03  1.99999655e+00 -3.70724368e-03
 2.48676757e-03  1.99999383e+00 -4.95502411e-03
 3.11473918e-03  1.99999033e+00 -6.20045415e-03
 6.25459721e-03  1.99996112e+00 -1.23924873e-02
 9.39445525e-03  1.99991257e+00 -1.85263558e-02
 1.25343133e-02  1.99984484e+00 -2.46025558e-02
 1.56741713e-02  1.99975813e+00 -3.06215837e-02
 3.13734615e-02  1.99904596e+00 -5.98765217e-02
 4.70727517e-02  1.99788521e+00 -8.77764945e-02
 6.27720419e-02  1.99629667e+00 -1.14382825e-01
 7.84713321e-02  1.99430018e+00 -1.39756136e-01
 1.29953180e-01  1.98512642e+00 -2.15047993e-01
 1.81435029e-01  1.97235499e+00 -2.79701608e-01
 2.32916877e-01  1.95647791e+00 -3.35483325e-01
 2.84398726e-01  1.93792311e+00 -3.83961123e-01
 3.48473668e-01  1.91161857e+00 -4.36148605e-01
 4.12548610e-01  1.88220110e+00 -4.81272712e-01
 4.76623552e-01  1.85005386e+00 -5.21080121e-01
 5.40698494e-01  1.81548770e+00 -5.57004775e-01
 6.25220020e-01  1.76656192e+00 -6.00380293e-01
 7.09741546e-01  1.71409167e+00 -6.41034438e-01
 7.94263072e-01  1.65822606e+00 -6.80606139e-01
 8.78784598e-01  1.59901445e+00 -7.20444952e-01
 1.00988857e+00  1.50035540e+00 -7.85406756e-01
 1.14099254e+00  1.39276247e+00 -8.57482154e-01
 1.27209650e+00  1.27504551e+00 -9.40560944e-01
 1.40320047e+00  1.14547175e+00 -1.03898755e+00
 1.52501992e+00  1.01244298e+00 -1.14846843e+00
 1.64683937e+00  8.64753341e-01 -1.28041377e+00
 1.76865883e+00  6.99359110e-01 -1.43985206e+00
 1.89047828e+00  5.12640550e-01 -1.63135945e+00
 2.01229773e+00  3.00880219e-01 -1.85628897e+00
 2.13411718e+00  5.92030866e-02 -2.11195417e+00
 2.25593663e+00 -2.14530080e-01 -2.37450967e+00
 2.37775608e+00 -5.17593288e-01 -2.59074604e+00
 2.47818988e+00 -7.83780172e-01 -2.67738081e+00
 2.57862367e+00 -1.05145777e+00 -2.62589407e+00
 2.67905747e+00 -1.30520668e+00 -2.41159026e+00
 2.77949126e+00 -1.53002057e+00 -2.04560165e+00
 2.86674161e+00 -1.69109805e+00 -1.64883060e+00
 2.95399195e+00 -1.81661233e+00 -1.23405160e+00
 3.04124230e+00 -1.90717364e+00 -8.41545165e-01
 3.12849265e+00 -1.96572432e+00 -5.05547612e-01
 3.19869689e+00 -1.99332868e+00 -2.86173746e-01
 3.26890113e+00 -2.00688901e+00 -1.04888434e-01
 3.33910537e+00 -2.00885551e+00  4.26199615e-02
 3.40930961e+00 -2.00148449e+00  1.61473900e-01
 3.47339985e+00 -1.98824306e+00  2.49849951e-01
 3.53749009e+00 -1.96983192e+00  3.23029155e-01
 3.60158032e+00 -1.94708817e+00  3.84203716e-01
 3.66567056e+00 -1.92073439e+00  4.36050259e-01
 3.73112496e+00 -1.89067523e+00  4.81686670e-01
 3.79657936e+00 -1.85781390e+00  5.21801380e-01
 3.86203376e+00 -1.82245166e+00  5.57896455e-01
 3.92748816e+00 -1.78482479e+00  5.91200277e-01
 4.01920731e+00 -1.72858341e+00  6.35019073e-01
 4.11092646e+00 -1.66839893e+00  6.77367790e-01
 4.20264562e+00 -1.60431692e+00  7.19960961e-01
 4.29436477e+00 -1.53626195e+00  7.64255223e-01
 4.44609517e+00 -1.41431556e+00  8.44746268e-01
 4.59782557e+00 -1.27921101e+00  9.39102078e-01
 4.74955597e+00 -1.12833816e+00  1.05385489e+00
 4.90128637e+00 -9.57980341e-01  1.19696391e+00
 5.01360268e+00 -8.16508578e-01  1.32646450e+00
 5.12591899e+00 -6.59074911e-01  1.48111866e+00
 5.23823530e+00 -4.82691685e-01  1.66409035e+00
 5.35055161e+00 -2.84178742e-01  1.87582712e+00
 5.46286792e+00 -6.07124744e-02  2.11142400e+00
 5.57518423e+00  1.90203485e-01  2.35282087e+00
 5.68750054e+00  4.66996082e-01  2.56137047e+00
 5.79981685e+00  7.62216624e-01  2.67532567e+00
 5.90173422e+00  1.03488290e+00  2.62997577e+00
 6.00365160e+00  1.29401103e+00  2.42100905e+00
 6.10556898e+00  1.52303657e+00  2.06656068e+00
 6.20748636e+00  1.71040190e+00  1.60850273e+00
 6.29028940e+00  1.82681094e+00  1.21405379e+00
 6.37309244e+00  1.91171119e+00  8.46868573e-01
 6.45589548e+00  1.96855112e+00  5.28074575e-01
 6.53869851e+00  2.00127523e+00  2.66959514e-01
 6.59200696e+00  2.01173107e+00  1.28370776e-01
 6.64531541e+00  2.01534450e+00  9.94765365e-03
 6.69862386e+00  2.01310807e+00 -9.07061000e-02
 6.75193231e+00  2.00592115e+00 -1.76063567e-01
 6.80524076e+00  1.99456100e+00 -2.48603245e-01
 6.85854921e+00  1.97962230e+00 -3.10503554e-01
 6.91185765e+00  1.96160931e+00 -3.63663187e-01
 6.96516610e+00  1.94095786e+00 -4.09738307e-01
 7.03005440e+00  1.91276792e+00 -4.58300766e-01
 7.09494270e+00  1.88163769e+00 -5.00500247e-01
 7.15983100e+00  1.84791343e+00 -5.37988669e-01
 7.22471930e+00  1.81187270e+00 -5.72115620e-01
 7.31150837e+00  1.76037587e+00 -6.14354039e-01
 7.39829745e+00  1.70531212e+00 -6.54472975e-01
 7.48508652e+00  1.64678500e+00 -6.94070710e-01
 7.57187559e+00  1.58479616e+00 -7.34477606e-01
 7.70956901e+00  1.47901444e+00 -8.03028478e-01
 7.84726243e+00  1.36323378e+00 -8.80625440e-01
 7.98495585e+00  1.23589631e+00 -9.71761142e-01
 8.12264927e+00  1.09476890e+00 -1.08164613e+00
 8.24503327e+00  9.55401929e-01 -1.19983592e+00
 8.36741726e+00  8.00077581e-01 -1.34296846e+00
 8.48980125e+00  6.25439413e-01 -1.51606132e+00
 8.61218524e+00  4.27607296e-01 -1.72288375e+00
 8.73456923e+00  2.02798026e-01 -1.96265669e+00
 8.85695322e+00 -5.36238705e-02 -2.22618779e+00
 8.97933722e+00 -3.42311194e-01 -2.47885506e+00
 9.10172121e+00 -6.57385413e-01 -2.65292312e+00
 9.20264250e+00 -9.28031297e-01 -2.66939913e+00
 9.30356380e+00 -1.19200655e+00 -2.53002662e+00
 9.40448509e+00 -1.43286328e+00 -2.23265366e+00
 9.50540639e+00 -1.63720208e+00 -1.80710635e+00
 9.58909302e+00 -1.77143649e+00 -1.40872667e+00
 9.67277965e+00 -1.87271694e+00 -1.02041443e+00
 9.75646627e+00 -1.94345576e+00 -6.71072576e-01
 9.84015290e+00 -1.98720468e+00 -3.79065787e-01
 9.90904288e+00 -2.00644860e+00 -1.84173590e-01
 9.97793285e+00 -2.01348406e+00 -2.41599431e-02
 1.00468228e+01 -2.01046867e+00  1.05829757e-01
 1.01157128e+01 -1.99937419e+00  2.10817913e-01
 1.01737966e+01 -1.98496592e+00  2.83754016e-01
 1.02318804e+01 -1.96665560e+00  3.45369252e-01
 1.02899642e+01 -1.94501789e+00  3.97904706e-01
 1.03480480e+01 -1.92054512e+00  4.43269353e-01
 1.04154399e+01 -1.88910663e+00  4.89013755e-01
 1.04828317e+01 -1.85477669e+00  5.29210671e-01
 1.05502235e+01 -1.81786374e+00  5.65434107e-01
 1.06176154e+01 -1.77860746e+00  5.98963695e-01
 1.07105012e+01 -1.72093929e+00  6.42614066e-01
 1.08033871e+01 -1.65927802e+00  6.85132854e-01
 1.08962729e+01 -1.59363973e+00  7.28222172e-01
 1.09891588e+01 -1.52391651e+00  7.73343527e-01
 1.11464444e+01 -1.39575958e+00  8.58117727e-01
 1.13037300e+01 -1.25314304e+00  9.58831857e-01
 1.14610157e+01 -1.09295688e+00  1.08293394e+00
 1.16183013e+01 -9.10779241e-01  1.23962562e+00
 1.17288351e+01 -7.66535134e-01  1.37481946e+00
 1.18393690e+01 -6.05907131e-01  1.53571433e+00
 1.19499028e+01 -4.25938990e-01  1.72476389e+00
 1.20604367e+01 -2.23606514e-01  1.94094125e+00
 1.21709705e+01  3.62114118e-03  2.17724586e+00
 1.22815044e+01  2.57467270e-01  2.41080825e+00
 1.23920382e+01  5.35264931e-01  2.59923120e+00
 1.25025720e+01  8.28306157e-01  2.68017547e+00
 1.26060908e+01  1.10358259e+00  2.59069319e+00
 1.27096096e+01  1.36027220e+00  2.33350627e+00
 1.28131284e+01  1.58179138e+00  1.94175283e+00
 1.29166472e+01  1.75793018e+00  1.46484202e+00
 1.30007811e+01  1.86402754e+00  1.07025415e+00
 1.30849150e+01  1.93862715e+00  7.14632882e-01
 1.31690489e+01  1.98599644e+00  4.14294114e-01
 1.32531827e+01  2.01050644e+00  1.73096485e-01
 1.33077432e+01  2.01638649e+00  4.53019373e-02
 1.33623036e+01  2.01583257e+00 -6.30465418e-02
 1.34168641e+01  2.00981131e+00 -1.54616547e-01
 1.34714246e+01  1.99918945e+00 -2.32003743e-01
 1.35259850e+01  1.98470196e+00 -2.97690990e-01
 1.35805455e+01  1.96689632e+00 -3.53804535e-01
 1.36351059e+01  1.94623335e+00 -4.02159485e-01
 1.36896664e+01  1.92310767e+00 -4.44315353e-01
 1.37578132e+01  1.89123954e+00 -4.90243037e-01
 1.38259600e+01  1.85643749e+00 -5.30553160e-01
 1.38941067e+01  1.81901611e+00 -5.66861184e-01
 1.39622535e+01  1.77921946e+00 -6.00476838e-01
 1.40551221e+01  1.72143714e+00 -6.43800850e-01
 1.41479907e+01  1.65968885e+00 -6.86076027e-01
 1.42408593e+01  1.59398429e+00 -7.28981732e-01
 1.43337279e+01  1.52421043e+00 -7.73963193e-01
 1.44917852e+01  1.39530567e+00 -8.59037076e-01
 1.46498426e+01  1.25180497e+00 -9.60305118e-01
 1.48078999e+01  1.09053409e+00 -1.08531595e+00
 1.49659572e+01  9.06981520e-01 -1.24341944e+00
 1.50763726e+01  7.62446794e-01 -1.37911444e+00
 1.51867879e+01  6.01485544e-01 -1.54057196e+00
 1.52972032e+01  4.21141937e-01 -1.73018119e+00
 1.54076186e+01  2.18403468e-01 -1.94677884e+00
 1.55180339e+01 -9.23626366e-03 -2.18316827e+00
 1.56284492e+01 -2.63431688e-01 -2.41602554e+00
 1.57388646e+01 -5.41414692e-01 -2.60259310e+00
 1.58492799e+01 -8.34356941e-01 -2.68046138e+00
 1.59529745e+01 -1.10991762e+00 -2.58672538e+00
 1.60566691e+01 -1.36639745e+00 -2.32495944e+00
 1.61603637e+01 -1.58721813e+00 -1.92976168e+00
 1.62640584e+01 -1.76230371e+00 -1.45123223e+00
 1.63484188e+01 -1.86751949e+00 -1.05640712e+00
 1.64327792e+01 -1.94118478e+00 -7.01700186e-01
 1.65171396e+01 -1.98765551e+00 -4.02983258e-01
 1.66015000e+01 -2.01135357e+00 -1.63609682e-01
 1.66562350e+01 -2.01676223e+00 -3.68568937e-02
 1.67109700e+01 -2.01577159e+00  7.05130220e-02
 1.67657050e+01 -2.00934684e+00  1.61196679e-01
 1.68204400e+01 -1.99835246e+00  2.37803782e-01
 1.68751750e+01 -1.98352002e+00  3.02819400e-01
 1.69299100e+01 -1.96539265e+00  3.58366094e-01
 1.69846450e+01 -1.94442718e+00  4.06251802e-01
 1.70393800e+01 -1.92101436e+00  4.48027377e-01
 1.71079029e+01 -1.88872554e+00  4.93688733e-01
 1.71764259e+01 -1.85350192e+00  5.33817622e-01
 1.72449488e+01 -1.81565424e+00  5.70025082e-01
 1.73134717e+01 -1.77542244e+00  6.03616396e-01
 1.74070746e+01 -1.71688147e+00  6.47124484e-01
 1.75006775e+01 -1.65432007e+00  6.89713620e-01
 1.75942804e+01 -1.58773548e+00  7.33076541e-01
 1.76878833e+01 -1.51699919e+00  7.78676772e-01
 1.78487211e+01 -1.38488699e+00  8.66159381e-01
 1.80095588e+01 -1.23745309e+00  9.70971238e-01
 1.81703965e+01 -1.07123843e+00  1.10118851e+00
 1.83312343e+01 -8.81328805e-01  1.26686033e+00
 1.84407149e+01 -7.35288142e-01  1.40565490e+00
 1.85501954e+01 -5.72599831e-01  1.57042230e+00
 1.86596760e+01 -3.90337498e-01  1.76310486e+00
 1.87691566e+01 -1.85592015e-01  1.98165234e+00
 1.88786372e+01  4.39633552e-02  2.21765011e+00
 1.89881178e+01  2.99525963e-01  2.44513379e+00
 1.90975984e+01  5.77726323e-01  2.61956338e+00
 1.92070789e+01  8.69099493e-01  2.67883785e+00
 1.93120599e+01  1.14661016e+00  2.55964278e+00
 1.94170410e+01  1.40201123e+00  2.27061215e+00
 1.95220220e+01  1.61875208e+00  1.85526059e+00
 1.96270030e+01  1.78756811e+00  1.36774180e+00
 1.96982258e+01  1.87291890e+00  1.03663294e+00
 1.97694487e+01  1.93577828e+00  7.35664455e-01
 1.98406715e+01  1.97873860e+00  4.74599715e-01
 1.99118944e+01  2.00457675e+00  2.56221449e-01
 1.99339208e+01  2.00956048e+00  1.96918617e-01
 1.99559472e+01  2.01327870e+00  1.41286793e-01
 1.99779736e+01  2.01581039e+00  8.91681562e-02
 2.00000000e+01  2.01723118e+00  4.03929477e-02
