 0.00000000e+00  1.00000000e+00  0.00000000e+00 -0.00000000e+00  0.00000000e+00  0.00000000e+00  0.00000000e+00
 1.00000000e-01  9.97501562e-01  4.99375260e-02  1.24895866e-03  2.08203158e-05  2.60286485e-07  2.60308179e-09
 2.00000000e-01  9.90024972e-01  9.95008326e-02  4.98335415e-03  1.66250416e-04  4.15834027e-06  8.31945436e-08
 3.00000000e-01  9.77626247e-01  1.48318816e-01  1.11658619e-02  5.59343048e-04  2.09990059e-05  6.30443263e-07
 4.00000000e-01  9.60398227e-01  1.96026578e-01  1.97346631e-02  1.32005321e-03  6.61351077e-05  2.64893960e-06
 5.00000000e-01  9.38469807e-01  2.42268458e-01  3.06040235e-02  2.56372999e-03  1.60736476e-04  8.05362724e-06
 6.00000000e-01  9.12004863e-01  2.86700988e-01  4.36650967e-02  4.39965671e-03  3.31470368e-04  1.99481954e-05
 7.00000000e-01  8.81200889e-01  3.28995742e-01  5.87869444e-02  6.92965483e-03  6.10097008e-04  4.28824071e-05
 8.00000000e-01  8.46287353e-01  3.68842046e-01  7.58177625e-02  1.02467663e-02  1.03298499e-03  8.30836115e-05
 9.00000000e-01  8.07523798e-01  4.05949546e-01  9.45863043e-02  1.44340285e-02  1.64055223e-03  1.48658022e-04
 1.00000000e+00  7.65197687e-01  4.40050586e-01  1.14903485e-01  1.95633540e-02  2.47663896e-03  2.49757730e-04
 1.10000000e+00  7.19622019e-01  4.70902395e-01  1.36564154e-01  2.56945286e-02  3.58782029e-03  3.98709883e-04
 1.20000000e+00  6.71132744e-01  4.98289058e-01  1.59349018e-01  3.28743369e-02  5.02266628e-03  6.10104924e-04
 1.30000000e+00  6.20085990e-01  5.22023247e-01  1.83026699e-01  4.11358257e-02  6.83095840e-03  9.00841358e-04
 1.40000000e+00  5.66855120e-01  5.41947714e-01  2.07355900e-01  5.04977133e-02  9.06287171e-03  1.29012506e-03
 1.50000000e+00  5.11827672e-01  5.57936508e-01  2.32087672e-01  6.09639511e-02  1.17681324e-02  1.79942177e-03
 1.60000000e+00  4.55402168e-01  5.69895935e-01  2.56967751e-01  7.25234433e-02  1.49951611e-02  2.45236197e-03
 1.70000000e+00  3.97984859e-01  5.77765232e-01  2.81738942e-01  8.51499269e-02  1.87902116e-02  3.27459814e-03
 1.80000000e+00  3.39986411e-01  5.81516952e-01  3.06143535e-01  9.88020157e-02  2.31965169e-02  4.29361487e-03
 1.90000000e+00  2.81818559e-01  5.81157073e-01  3.29925728e-01  1.13423407e-01  2.82534512e-02  5.53849301e-03
 2.00000000e+00  2.23890779e-01  5.76724808e-01  3.52834029e-01  1.28943249e-01  3.39957198e-02  7.03962976e-03
 2.10000000e+00  1.66606980e-01  5.68292136e-01  3.74623625e-01  1.45276674e-01  4.04525864e-02  8.82841712e-03
 2.20000000e+00  1.10362267e-01  5.55963050e-01  3.95058687e-01  1.62325473e-01  4.76471475e-02  1.09368819e-02
 2.30000000e+00  5.55397844e-02  5.39872533e-01  4.13914592e-01  1.79978931e-01  5.55956638e-02  1.33972905e-02
 2.40000000e+00  2.50768330e-03  5.20185268e-01  4.30980040e-01  1.98114799e-01  6.43069568e-02  1.62417239e-02
 2.50000000e+00 -4.83837765e-02  4.97094102e-01  4.46059058e-01  2.16600391e-01  7.37818801e-02  1.95016251e-02
 2.60000000e+00 -9.68049544e-02  4.70818267e-01  4.58972852e-01  2.35293813e-01  8.40128707e-02  2.32073276e-02
 2.70000000e+00 -1.42449370e-01  4.41601379e-01  4.69561503e-01  2.54045292e-01  9.49835897e-02  2.73875668e-02
 2.80000000e+00 -1.85036033e-01  4.09709247e-01  4.77685495e-01  2.72698604e-01  1.06668655e-01  3.20689832e-02
 2.90000000e+00 -2.24311546e-01  3.75427482e-01  4.83227050e-01  2.91092588e-01  1.19033476e-01  3.72756220e-02
 3.00000000e+00 -2.60051955e-01  3.39058959e-01  4.86091261e-01  3.09062722e-01  1.32034184e-01  4.30284349e-02
 3.10000000e+00 -2.92064348e-01  3.00921133e-01  4.86207014e-01  3.26442756e-01  1.45617675e-01  4.93447926e-02
 3.20000000e+00 -3.20188170e-01  2.61343249e-01  4.83527700e-01  3.43066376e-01  1.59721756e-01  5.62380126e-02
 3.30000000e+00 -3.44296260e-01  2.20663453e-01  4.78031686e-01  3.58768894e-01  1.74275394e-01  6.37169093e-02
 3.40000000e+00 -3.64295597e-01  1.79225852e-01  4.69722568e-01  3.73388935e-01  1.89199081e-01  7.17853735e-02
 3.50000000e+00 -3.80127740e-01  1.37377527e-01  4.58629184e-01  3.86770112e-01  2.04405293e-01  8.04419866e-02
 3.60000000e+00 -3.91768984e-01  9.54655472e-02  4.44805399e-01  3.98762674e-01  2.19799057e-01  8.96796760e-02
 3.70000000e+00 -3.99230203e-01  5.38339877e-02  4.28329656e-01  4.09225100e-01  2.35278614e-01  9.94854170e-02
 3.80000000e+00 -4.02556410e-01  1.28210029e-02  4.09304306e-01  4.18025635e-01  2.50736171e-01  1.09839987e-01
 3.90000000e+00 -4.01826015e-01 -2.72440396e-02  3.87854713e-01  4.25043745e-01  2.66058741e-01  1.20717775e-01
 4.00000000e+00 -3.97149810e-01 -6.60433280e-02  3.64128146e-01  4.30171474e-01  2.81129065e-01  1.32086656e-01
 4.10000000e+00 -3.88669680e-01 -1.03273258e-01  3.38292481e-01  4.33314703e-01  2.95826596e-01  1.43907924e-01
 4.20000000e+00 -3.76557054e-01 -1.38646942e-01  3.10534701e-01  4.34394276e-01  3.10028551e-01  1.56136297e-01
 4.30000000e+00 -3.61011117e-01 -1.71896560e-01  2.81059229e-01  4.33347006e-01  3.23611012e-01  1.68719993e-01
 4.40000000e+00 -3.42256790e-01 -2.02775522e-01  2.50086098e-01  4.30126520e-01  3.36450066e-01  1.81600872e-01
 4.50000000e+00 -3.20542509e-01 -2.31060432e-01  2.17848984e-01  4.24703973e-01  3.48422980e-01  1.94714659e-01
 4.60000000e+00 -2.96137817e-01 -2.56552836e-01  1.84593105e-01  4.17068580e-01  3.59409390e-01  2.07991229e-01
 4.70000000e+00 -2.69330789e-01 -2.79080736e-01  1.50573029e-01  4.07227995e-01  3.69292496e-01  2.21354977e-01
 4.80000000e+00 -2.40425327e-01 -2.98499858e-01  1.16050386e-01  3.95208513e-01  3.77960255e-01  2.34725246e-01
 4.90000000e+00 -2.09738328e-01 -3.14694671e-01  8.12915231e-02  3.81055098e-01  3.85306556e-01  2.48016830e-01
 5.00000000e+00 -1.77596771e-01 -3.27579138e-01  4.65651163e-02  3.64831231e-01  3.91232360e-01  2.61140546e-01
 5.10000000e+00 -1.44334747e-01 -3.37097202e-01  1.21397659e-02  3.46618587e-01  3.95646807e-01  2.74003855e-01
 5.20000000e+00 -1.10290440e-01 -3.43223006e-01 -2.17184086e-02  3.26516538e-01  3.98468260e-01  2.86511554e-01
 5.30000000e+00 -7.58031116e-02 -3.45960834e-01 -5.47481465e-02  3.04641478e-01  3.99625291e-01  2.98566509e-01
 5.40000000e+00 -4.12101012e-02 -3.45344791e-01 -8.66953768e-02  2.81125993e-01  3.99057591e-01  3.10070439e-01
 5.50000000e+00 -6.84386942e-03 -3.41438215e-01 -1.17315482e-01  2.56117865e-01  3.96716789e-01  3.20924737e-01
 5.60000000e+00  2.69708847e-02 -3.34332836e-01 -1.46375469e-01  2.29778930e-01  3.92567180e-01  3.31031327e-01
 5.70000000e+00  5.99200097e-02 -3.24147680e-01 -1.73656038e-01  2.02283794e-01  3.86586347e-01  3.40293536e-01
 5.80000000e+00  9.17025676e-02 -3.11027744e-01 -1.98953514e-01  1.73818424e-01  3.78765677e-01  3.48616992e-01
 5.90000000e+00  1.22033355e-01 -2.95142445e-01 -2.22081641e-01  1.44578620e-01  3.69110746e-01  3.55910527e-01
 6.00000000e+00  1.50645257e-01 -2.76683858e-01 -2.42873210e-01  1.14768385e-01  3.57641595e-01  3.62087075e-01
 6.10000000e+00  1.77291422e-01 -2.55864773e-01 -2.61181512e-01  8.45982076e-02  3.44392863e-01  3.67064564e-01
 6.20000000e+00  2.01747223e-01 -2.32916567e-01 -2.76881599e-01  5.42832771e-02  3.29413803e-01  3.70766791e-01
 6.30000000e+00  2.23812006e-01 -2.08086940e-01 -2.89871352e-01  2.40416372e-02  3.12768150e-01  3.73124267e-01
 6.40000000e+00  2.43310605e-01 -1.81637509e-01 -3.00072326e-01 -5.90769497e-03  2.94533862e-01  3.74075023e-01
 6.50000000e+00  2.60094606e-01 -1.53841301e-01 -3.07430391e-01 -3.53466313e-02  2.74802731e-01  3.73565377e-01
 6.60000000e+00  2.74043361e-01 -1.24980165e-01 -3.11916138e-01 -6.40599184e-02  2.53679848e-01  3.71550644e-01
 6.70000000e+00  2.85064738e-01 -9.53421180e-02 -3.13525071e-01 -9.18370291e-02  2.31282956e-01  3.67995782e-01
 6.80000000e+00  2.93095603e-01 -6.52186634e-02 -3.12277563e-01 -1.18474021e-01  2.07741662e-01  3.62875976e-01
 6.90000000e+00  2.98102035e-01 -3.49020961e-02 -3.08218585e-01 -1.43775344e-01  1.83196546e-01  3.56177137e-01
 7.00000000e+00  3.00079271e-01 -4.68282348e-03 -3.01417220e-01 -1.67555588e-01  1.57798145e-01  3.47896325e-01
 7.10000000e+00  2.99051381e-01  2.51532743e-02 -2.91965951e-01 -1.89641134e-01  1.31705838e-01  3.38042078e-01
 7.20000000e+00  2.95070691e-01  5.43274202e-02 -2.79979741e-01 -2.09871721e-01  1.05086641e-01  3.26634655e-01
 7.30000000e+00  2.88216948e-01  8.25704305e-02 -2.65594912e-01 -2.28101889e-01  7.81139072e-02  3.13706171e-01
 7.40000000e+00  2.78596233e-01  1.09625095e-01 -2.48967829e-01 -2.44202300e-01  5.09659642e-02  2.99300639e-01
 7.50000000e+00  2.66339658e-01  1.35248428e-01 -2.30273411e-01 -2.58060913e-01  2.38246800e-02  2.83473905e-01
 7.60000000e+00  2.51601834e-01  1.59213768e-01 -2.09703474e-01 -2.69584018e-01 -3.12601394e-03  2.66293477e-01
 7.70000000e+00  2.34559140e-01  1.81312715e-01 -1.87464928e-01 -2.78697093e-01 -2.97016385e-02  2.47838248e-01
 7.80000000e+00  2.15407808e-01  2.01356873e-01 -1.63777840e-01 -2.85345509e-01 -5.57187049e-02  2.28198119e-01
 7.90000000e+00  1.94361845e-01  2.19179400e-01 -1.38873389e-01 -2.89495040e-01 -8.09962615e-02  2.07473509e-01
 8.00000000e+00  1.71650807e-01  2.34636347e-01 -1.12991720e-01 -2.91132207e-01 -1.05357435e-01  1.85774772e-01
 8.10000000e+00  1.47517454e-01  2.47607767e-01 -8.63797338e-02 -2.90264426e-01 -1.28630952e-01  1.63221510e-01
 8.20000000e+00  1.22215302e-01  2.57998598e-01 -5.92888146e-02 -2.86919971e-01 -1.50652627e-01  1.39941798e-01
 8.30000000e+00  9.60061009e-02  2.65739302e-01 -3.19725341e-02 -2.81147752e-01 -1.71266805e-01  1.16071314e-01
 8.40000000e+00  6.91572617e-02  2.70786268e-01 -4.68434064e-03 -2.73016907e-01 -1.90327736e-01  9.17523966e-02
 8.50000000e+00  4.19392518e-02  2.73121964e-01  2.23247396e-02 -2.62616204e-01 -2.07700884e-01  6.71330194e-02
 8.60000000e+00  1.46229913e-02  2.72754845e-01  4.88083679e-02 -2.50053278e-01 -2.23264143e-01  4.23657029e-02
 8.70000000e+00 -1.25227324e-02  2.69719024e-01  7.45271058e-02 -2.35453688e-01 -2.36908960e-01  1.76063689e-02
 8.80000000e+00 -3.92338032e-02  2.64073703e-01  9.92505539e-02 -2.18959815e-01 -2.48541337e-01 -6.98685484e-03
 8.90000000e+00 -6.52532469e-02  2.55902371e-01  1.22759398e-01 -2.00729608e-01 -2.58082729e-01 -3.12548673e-02
 9.00000000e+00 -9.03336112e-02  2.45311787e-01  1.44847342e-01 -1.80935190e-01 -2.65470802e-01 -5.50388557e-02
 9.10000000e+00 -1.14239233e-01  2.32430745e-01  1.65322913e-01 -1.59761333e-01 -2.70660055e-01 -7.81815731e-02
 9.20000000e+00 -1.36748371e-01  2.17408655e-01  1.84011122e-01 -1.37403819e-01 -2.73622308e-01 -1.00528623e-01
 9.30000000e+00 -1.57655190e-01  2.00413928e-01  2.00754959e-01 -1.14067709e-01 -2.74347030e-01 -1.21929736e-01
 9.40000000e+00 -1.76771573e-01  1.81632204e-01  2.15416723e-01 -8.99655136e-02 -2.72841518e-01 -1.42240034e-01
 9.50000000e+00 -1.93928748e-01  1.61264431e-01  2.27879154e-01 -6.53153132e-02 -2.69130931e-01 -1.61321260e-01
 9.60000000e+00 -2.08978718e-01  1.39524812e-01  2.38046387e-01 -4.03388170e-02 -2.63258148e-01 -1.79042973e-01
 9.70000000e+00 -2.21795482e-01  1.16638648e-01  2.45844688e-01 -1.52593952e-02 -2.55283489e-01 -1.95283688e-01
 9.80000000e+00 -2.32276028e-01  9.28400911e-02  2.51222985e-01  9.69990274e-03 -2.45284269e-01 -2.09931959e-01
 9.90000000e+00 -2.40341106e-01  6.83698323e-02  2.54153193e-01  3.43183264e-02 -2.33354207e-01 -2.22887383e-01
 1.00000000e+01 -2.45935764e-01  4.34727462e-02  2.54630314e-01  5.83793793e-02 -2.19602686e-01 -2.34061528e-01
 1.01000000e+01 -2.49029651e-01  1.83955155e-02  2.52672327e-01  8.16727328e-02 -2.04153872e-01 -2.43378770e-01
 1.02000000e+01 -2.49617070e-01 -6.61574330e-03  2.48319865e-01  1.03996083e-01 -1.87145699e-01 -2.50777023e-01
 1.03000000e+01 -2.47716813e-01 -3.13178295e-02  2.41635682e-01  1.25156929e-01 -1.68728733e-01 -2.56208372e-01
 1.04000000e+01 -2.43371751e-01 -5.54727618e-02  2.32703912e-01  1.44974266e-01 -1.49064912e-01 -2.59639583e-01
 1.05000000e+01 -2.36648194e-01 -7.88500142e-02  2.21629144e-01  1.63280164e-01 -1.28326193e-01 -2.61052502e-01
 1.06000000e+01 -2.27635048e-01 -1.01228663e-01  2.08535300e-01  1.79921229e-01 -1.06693095e-01 -2.60444319e-01
 1.07000000e+01 -2.16442740e-01 -1.22399424e-01  1.93564343e-01  1.94759926e-01 -8.43531695e-02 -2.57827716e-01
 1.08000000e+01 -2.03201967e-01 -1.42166568e-01  1.76874825e-01  2.07675763e-01 -6.14994011e-02 -2.53230875e-01
 1.09000000e+01 -1.88062246e-01 -1.60349687e-01  1.58640285e-01  2.18566305e-01 -3.83285575e-02 -2.46697356e-01
 1.10000000e+01 -1.71190300e-01 -1.76785299e-01  1.39047519e-01  2.27348033e-01 -1.50395007e-02 -2.38285852e-01
 1.11000000e+01 -1.52768295e-01 -1.91328288e-01  1.18294730e-01  2.33957019e-01  8.16852362e-03 -2.28069795e-01
 1.12000000e+01 -1.32991937e-01 -2.03853146e-01  9.65895894e-02  2.38349428e-01  3.10976041e-02 -2.16136853e-01
 1.13000000e+01 -1.12068456e-01 -2.14255026e-01  7.41472125e-02  2.40501827e-01  5.35528727e-02 -2.02588289e-01
 1.14000000e+01 -9.02145002e-02 -2.22450586e-01  5.11880816e-02  2.40411317e-01  7.53441904e-02 -1.87538201e-01
 1.15000000e+01 -6.76539481e-02 -2.28378621e-01  2.79359271e-02  2.38095465e-01  9.62877937e-02 -1.71112652e-01
 1.16000000e+01 -4.46156741e-02 -2.32000475e-01  4.61559226e-03  2.33592058e-01  1.16207886e-01 -1.53448688e-01
 1.17000000e+01 -2.13312814e-02 -2.33300241e-01 -1.85491017e-02  2.26958668e-01  1.34938162e-01 -1.34693258e-01
 1.18000000e+01  1.96717331e-03 -2.32284734e-01 -4.13374673e-02  2.18272034e-01  1.52323247e-01 -1.15002036e-01
 1.19000000e+01  2.50494417e-02 -2.28983250e-01 -6.35340215e-02  2.07627276e-01  1.68220043e-01 -9.45381715e-02
 1.20000000e+01  4.76893108e-02 -2.23447104e-01 -8.49304949e-02  1.95136940e-01  1.82498965e-01 -7.34709631e-02
 1.21000000e+01  6.96667736e-02 -2.15748973e-01 -1.05327761e-01  1.80929879e-01  1.95045056e-01 -5.19744698e-02
 1.22000000e+01  9.07701232e-02 -2.05982022e-01 -1.24537668e-01  1.65149999e-01  2.05758979e-01 -3.02260789e-02
 1.23000000e+01  1.10797950e-01 -1.94258848e-01 -1.42384755e-01  1.47954863e-01  2.14557859e-01 -8.40503597e-03
 1.24000000e+01  1.29561027e-01 -1.80710247e-01 -1.58707841e-01  1.29514169e-01  2.21375987e-01  1.33090481e-02
 1.25000000e+01  1.46884055e-01 -1.65483805e-01 -1.73361463e-01  1.10008136e-01  2.26165369e-01  3.47376998e-02
 1.26000000e+01  1.62607272e-01 -1.48742343e-01 -1.86217168e-01  8.96257823e-02  2.28896111e-01  5.57050821e-02
 1.27000000e+01  1.76587889e-01 -1.30662229e-01 -1.97164618e-01  6.85631369e-02  2.29556651e-01  7.60394778e-02
 1.28000000e+01  1.88701355e-01 -1.11431559e-01 -2.06112536e-01  4.70213918e-02  2.28153813e-01  9.55747415e-02
 1.29000000e+01  1.98842437e-01 -9.12482522e-02 -2.12989453e-01  2.52050110e-02  2.24712714e-01  1.14151711e-01
 1.30000000e+01  2.06926102e-01 -7.03180521e-02 -2.17744264e-01  3.31981697e-03  2.19276487e-01  1.31619560e-01
 1.31000000e+01  2.12888198e-01 -4.88524733e-02 -2.20346590e-01 -1.84289283e-02  2.11905860e-01  1.47837087e-01
 1.32000000e+01  2.16685922e-01 -2.70667028e-02 -2.20786938e-01 -3.98384299e-02  2.02678561e-01  1.62673921e-01
 1.33000000e+01  2.18298090e-01 -5.17748055e-03 -2.19076659e-01 -6.07102364e-02  1.91688582e-01  1.76011639e-01
 1.34000000e+01  2.17725179e-01  1.65990199e-02 -2.15247713e-01 -8.08520685e-02  1.79045294e-01  1.87744782e-01
 1.35000000e+01  2.14989166e-01  3.80492921e-02 -2.09352234e-01 -1.00079584e-01  1.64872419e-01  1.97781758e-01
 1.36000000e+01  2.10133161e-01  5.89645572e-02 -2.01461903e-01 -1.18218058e-01  1.49306877e-01  2.06045633e-01
 1.37000000e+01  2.03220833e-01  7.91427651e-02 -1.91667144e-01 -1.35103975e-01  1.32497520e-01  2.12474790e-01
 1.38000000e+01  1.94335635e-01  9.83905167e-02 -1.80076140e-01 -1.50586499e-01  1.14603749e-01  2.17023455e-01
 1.39000000e+01  1.83579855e-01  1.16524890e-01 -1.66813684e-01 -1.64528828e-01  9.57940461e-02  2.19662092e-01
 1.40000000e+01  1.71073476e-01  1.33375155e-01 -1.52019883e-01 -1.76809407e-01  7.62444225e-02  2.20377648e-01
 1.41000000e+01  1.56952877e-01  1.48784351e-01 -1.35848714e-01 -1.87322993e-01  5.61368016e-02  2.19173661e-01
 1.42000000e+01  1.41369385e-01  1.62610734e-01 -1.18466464e-01 -1.95981569e-01  3.56573506e-02  2.16070217e-01
 1.43000000e+01  1.24487685e-01  1.74729052e-01 -1.00050056e-01 -2.02715082e-01  1.49947767e-02  2.11103768e-01
 1.44000000e+01  1.06484118e-01  1.85031662e-01 -8.07852766e-02 -2.07472016e-01 -5.66139683e-03  2.04326796e-01
 1.45000000e+01  8.75448680e-02  1.93429464e-01 -6.08649420e-02 -2.10219792e-01 -2.61225583e-02  1.95807346e-01
 1.46000000e+01  6.78640683e-02  1.99852651e-01 -4.04869928e-02 -2.10944978e-01 -4.62027243e-02  1.85628417e-01
 1.47000000e+01  4.76418459e-02  2.04251268e-01 -1.98525577e-02 -2.09653325e-01 -6.57202280e-02  1.73887214e-01
 1.48000000e+01  2.70823146e-02  2.06595567e-01  8.36005303e-04 -2.06369620e-01 -8.44993647e-02  1.60694288e-01
 1.49000000e+01  6.39154489e-03  2.06876172e-01  2.13770688e-02 -2.01137361e-01 -1.02371979e-01  1.46172540e-01
 1.50000000e+01 -1.42244728e-02  2.05104039e-01  4.15716780e-02 -1.94018258e-01 -1.19178981e-01  1.30456135e-01
