 0.00000000e+00  3.00000000e+00  0.00000000e+00
 2.10139977e-02  2.99347040e+00 -6.16901696e-01
 4.20279954e-02  2.97426943e+00 -1.20574680e+00
 6.30419930e-02  2.94300159e+00 -1.76514459e+00
 8.40559907e-02  2.90029870e+00 -2.29388887e+00
 1.05069988e-01  2.84681598e+00 -2.79095562e+00
 1.26083986e-01  2.78322828e+00 -3.25549986e+00
 1.47097984e-01  2.71022638e+00 -3.68685202e+00
 1.68111981e-01  2.62851331e+00 -4.08451354e+00
 1.89125979e-01  2.53880082e+00 -4.44815201e+00
 2.10139977e-01  2.44180596e+00 -4.77759581e+00
 2.31153975e-01  2.33824772e+00 -5.07282817e+00
 2.52167972e-01  2.22884391e+00 -5.33398090e+00
 2.73181970e-01  2.11430803e+00 -5.56132773e+00
 2.94195968e-01  1.99534642e+00 -5.75527722e+00
 3.15209965e-01  1.87265547e+00 -5.91636552e+00
 3.36223963e-01  1.74691905e+00 -6.04524875e+00
 3.57237961e-01  1.61880602e+00 -6.14269523e+00
 3.78251958e-01  1.48896800e+00 -6.20957757e+00
 3.99265956e-01  1.35803725e+00 -6.24686459e+00
 4.20279954e-01  1.22662472e+00 -6.25561316e+00
 4.41293951e-01  1.09531832e+00 -6.23696002e+00
 4.62307949e-01  9.64681285e-01 -6.19211357e+00
 4.83321947e-01  8.35250779e-01 -6.12234572e+00
 5.04335944e-01  7.07536647e-01 -6.02898375e+00
 5.25349942e-01  5.82020328e-01 -5.91340230e+00
 5.46363940e-01  4.59153945e-01 -5.77701551e+00
 5.67377937e-01  3.39359559e-01 -5.62126922e+00
 5.88391935e-01  2.23028582e-01 -5.44763347e+00
 6.09405933e-01  1.10521342e-01 -5.25759514e+00
 6.30419930e-01  2.16680989e-03 -5.05265079e+00
 6.51433928e-01 -1.01737534e-01 -4.83429985e+00
 6.72447926e-01 -2.00925692e-01 -4.60403797e+00
 6.93461924e-01 -2.95162998e-01 -4.36335074e+00
 7.14475921e-01 -3.84245849e-01 -4.11370769e+00
 7.35489919e-01 -4.68001301e-01 -3.85655655e+00
 7.56503917e-01 -5.46286557e-01 -3.59331794e+00
 7.77517914e-01 -6.18988344e-01 -3.32538034e+00
 7.98531912e-01 -6.86022189e-01 -3.05409537e+00
 8.19545910e-01 -7.47331593e-01 -2.78077351e+00
 8.40559907e-01 -8.02887132e-01 -2.50668010e+00
 8.61573905e-01 -8.52685462e-01 -2.23303174e+00
 8.82587903e-01 -8.96748267e-01 -1.96099303e+00
 9.03601900e-01 -9.35121130e-01 -1.69167370e+00
 9.24615898e-01 -9.67872355e-01 -1.42612602e+00
 9.45629896e-01 -9.95091735e-01 -1.16534267e+00
 9.66643893e-01 -1.01688928e+00 -9.10254883e-01
 9.87657891e-01 -1.03339392e+00 -6.61730924e-01
 1.00867189e+00 -1.04475213e+00 -4.20574964e-01
 1.02968589e+00 -1.05112664e+00 -1.87526221e-01
 1.05069988e+00 -1.05269501e+00  3.67415549e-02
 1.07171388e+00 -1.04964825e+00  2.51620302e-01
 1.09272788e+00 -1.04218949e+00  4.56567572e-01
 1.11374188e+00 -1.03053255e+00  6.51106172e-01
 1.13475587e+00 -1.01490062e+00  8.34823545e-01
 1.15576987e+00 -9.95524851e-01  1.00737089e+00
 1.17678387e+00 -9.72643099e-01  1.16846205e+00
 1.19779787e+00 -9.46498569e-01  1.31787217e+00
 1.21881187e+00 -9.17338565e-01  1.45543613e+00
 1.23982586e+00 -8.85413248e-01  1.58104683e+00
 1.26083986e+00 -8.50974435e-01  1.69465324e+00
 1.28185386e+00 -8.14274447e-01  1.79625834e+00
 1.30286786e+00 -7.75564992e-01  1.88591683e+00
 1.32388185e+00 -7.35096106e-01  1.96373284e+00
 1.34489585e+00 -6.93115142e-01  2.02985738e+00
 1.36590985e+00 -6.49865806e-01  2.08448580e+00
 1.38692385e+00 -6.05587258e-01  2.12785510e+00
 1.40793784e+00 -5.60513264e-01  2.16024120e+00
 1.42895184e+00 -5.14871406e-01  2.18195613e+00
 1.44996584e+00 -4.68882358e-01  2.19334522e+00
 1.47097984e+00 -4.22759207e-01  2.19478421e+00
 1.49199384e+00 -3.76706855e-01  2.18667641e+00
 1.51300783e+00 -3.30921461e-01  2.16944978e+00
 1.53402183e+00 -2.85589958e-01  2.14355409e+00
 1.55503583e+00 -2.40889624e-01  2.10945807e+00
 1.57604983e+00 -1.96987711e-01  2.06764663e+00
 1.59706382e+00 -1.54041137e-01  2.01861803e+00
 1.61807782e+00 -1.12196232e-01  1.96288126e+00
 1.63909182e+00 -7.15885405e-02  1.90095335e+00
 1.66010582e+00 -3.23426808e-02  1.83335681e+00
 1.68111981e+00  5.42774490e-03  1.76061714e+00
 1.70213381e+00  4.16201879e-02  1.68326046e+00
 1.72314781e+00  7.61431412e-02  1.60181118e+00
 1.74416181e+00  1.08916081e-01  1.51678984e+00
 1.76517581e+00  1.39869363e-01  1.42871098e+00
 1.78618980e+00  1.68944073e-01  1.33808118e+00
 1.80720380e+00  1.96091846e-01  1.24539721e+00
 1.82821780e+00  2.21274634e-01  1.15114425e+00
 1.84923180e+00  2.44464451e-01  1.05579433e+00
 1.87024579e+00  2.65643077e-01  9.59804757e-01
 1.89125979e+00  2.84801735e-01  8.63616811e-01
 1.91227379e+00  3.01940744e-01  7.67654452e-01
 1.93328779e+00  3.17069138e-01  6.72323219e-01
 1.95430178e+00  3.30204272e-01  5.78009234e-01
 1.97531578e+00  3.41371401e-01  4.85078328e-01
 1.99632978e+00  3.50603250e-01  3.93875298e-01
 2.01734378e+00  3.57939562e-01  3.04723280e-01
 2.03835778e+00  3.63426638e-01  2.17923245e-01
 2.05937177e+00  3.67116869e-01  1.33753610e-01
 2.08038577e+00  3.69068255e-01  5.24699626e-02
 2.10139977e+00  3.69343927e-01 -2.56951048e-02
 2.12241377e+00  3.68011659e-01 -1.00532053e-01
 2.14342776e+00  3.65143390e-01 -1.71854355e-01
 2.16444176e+00  3.60814736e-01 -2.39498351e-01
 2.18545576e+00  3.55104513e-01 -3.03323020e-01
 2.20646976e+00  3.48094267e-01 -3.63209654e-01
 2.22748375e+00  3.39867807e-01 -4.19061454e-01
 2.24849775e+00  3.30510750e-01 -4.70803048e-01
 2.26951175e+00  3.20110076e-01 -5.18379931e-01
 2.29052575e+00  3.08753697e-01 -5.61757846e-01
 2.31153975e+00  2.96530039e-01 -6.00922097e-01
 2.33255374e+00  2.83527637e-01 -6.35876808e-01
 2.35356774e+00  2.69834747e-01 -6.66644130e-01
 2.37458174e+00  2.55538980e-01 -6.93263402e-01
 2.39559574e+00  2.40726945e-01 -7.15790278e-01
 2.41660973e+00  2.25483921e-01 -7.34295808e-01
 2.43762373e+00  2.09893537e-01 -7.48865506e-01
 2.45863773e+00  1.94037484e-01 -7.59598375e-01
 2.47965173e+00  1.77995237e-01 -7.66605934e-01
 2.50066572e+00  1.61843808e-01 -7.70011213e-01
 2.52167972e+00  1.45657509e-01 -7.69947751e-01
 2.54269372e+00  1.29507745e-01 -7.66558584e-01
 2.56370772e+00  1.13462824e-01 -7.59995242e-01
 2.58472171e+00  9.75877904e-02 -7.50416733e-01
 2.60573571e+00  8.19442755e-02 -7.37988561e-01
 2.62674971e+00  6.65903747e-02 -7.22881733e-01
 2.64776371e+00  5.15805397e-02 -7.05271799e-01
 2.66877771e+00  3.69654940e-02 -6.85337901e-01
 2.68979170e+00  2.27921669e-02 -6.63261859e-01
 2.71080570e+00  9.10364685e-03 -6.39227266e-01
 2.73181970e+00 -4.06084702e-03 -6.13418627e-01
 2.75283370e+00 -1.66659748e-02 -5.86020521e-01
 2.77384769e+00 -2.86802693e-02 -5.57216802e-01
 2.79486169e+00 -4.00761121e-02 -5.27189834e-01
 2.81587569e+00 -5.08296952e-02 -4.96119761e-01
 2.83688969e+00 -6.09209668e-02 -4.64183823e-01
 2.85790368e+00 -7.03335633e-02 -4.31555711e-01
 2.87891768e+00 -7.90547284e-02 -3.98404954e-01
 2.89993168e+00 -8.70752196e-02 -3.64896368e-01
 2.92094568e+00 -9.43892039e-02 -3.31189530e-01
 2.94195968e+00 -1.00994142e-01 -2.97438307e-01
 2.96297367e+00 -1.06890665e-01 -2.63790424e-01
 2.98398767e+00 -1.12082439e-01 -2.30387080e-01
 3.00500167e+00 -1.16576028e-01 -1.97362608e-01
 3.02601567e+00 -1.20380741e-01 -1.64844170e-01
 3.04702966e+00 -1.23508483e-01 -1.32951511e-01
 3.06804366e+00 -1.25973596e-01 -1.01796739e-01
 3.08905766e+00 -1.27792697e-01 -7.14841613e-02
 3.11007166e+00 -1.28984509e-01 -4.21101498e-02
 3.13108565e+00 -1.29569697e-01 -1.37630535e-02
 3.15209965e+00 -1.29570700e-01  1.34768543e-02
 3.17311365e+00 -1.29011555e-01  3.95373900e-02
 3.19412765e+00 -1.27917734e-01  6.43544392e-02
 3.21514165e+00 -1.26315972e-01  8.78719013e-02
 3.23615564e+00 -1.24234097e-01  1.10041603e-01
 3.25716964e+00 -1.21700869e-01  1.30823179e-01
 3.27818364e+00 -1.18745815e-01  1.50183926e-01
 3.29919764e+00 -1.15399071e-01  1.68098629e-01
 3.32021163e+00 -1.11691223e-01  1.84549363e-01
 3.34122563e+00 -1.07653163e-01  1.99525266e-01
 3.36223963e+00 -1.03315937e-01  2.13022301e-01
 3.38325363e+00 -9.87106056e-02  2.25042989e-01
 3.40426762e+00 -9.38681121e-02  2.35596128e-01
 3.42528162e+00 -8.88191501e-02  2.44696502e-01
 3.44629562e+00 -8.35940428e-02  2.52364561e-01
 3.46730962e+00 -7.82226268e-02  2.58626109e-01
 3.48832362e+00 -7.27341432e-02  2.63511965e-01
 3.50933761e+00 -6.71571358e-02  2.67057630e-01
 3.53035161e+00 -6.15193559e-02  2.69302934e-01
 3.55136561e+00 -5.58476759e-02  2.70291690e-01
 3.57237961e+00 -5.01680082e-02  2.70071340e-01
 3.59339360e+00 -4.45052337e-02  2.68692599e-01
 3.61440760e+00 -3.88831359e-02  2.66209105e-01
 3.63542160e+00 -3.33243439e-02  2.62677060e-01
 3.65643560e+00 -2.78502816e-02  2.58154888e-01
 3.67744959e+00 -2.24811250e-02  2.52702888e-01
 3.69846359e+00 -1.72357661e-02  2.46382897e-01
 3.71947759e+00 -1.21317843e-02  2.39257960e-01
 3.74049159e+00 -7.18542436e-03  2.31392004e-01
 3.76150559e+00 -2.41158107e-03  2.22849531e-01
 3.78251958e+00  2.17620960e-03  2.13695311e-01
 3.80353358e+00  6.56577300e-03  2.03994093e-01
 3.82454758e+00  1.07462925e-02  1.93810328e-01
 3.84556158e+00  1.47083001e-02  1.83207897e-01
 3.86657557e+00  1.84436625e-02  1.72249863e-01
 3.88758957e+00  2.19455603e-02  1.60998231e-01
 3.90860357e+00  2.52084645e-02  1.49513724e-01
 3.92961757e+00  2.82281065e-02  1.37855569e-01
 3.95063156e+00  3.10014449e-02  1.26081311e-01
 3.97164556e+00  3.35266284e-02  1.14246625e-01
 3.99265956e+00  3.58029545e-02  1.02405156e-01
 4.01367356e+00  3.78308254e-02  9.06083727e-02
 4.03468756e+00  3.96117007e-02  7.89054299e-02
 4.05570155e+00  4.11480477e-02  6.73430550e-02
 4.07671555e+00  4.24432891e-02  5.59654442e-02
 4.09772955e+00  4.35017492e-02  4.48141761e-02
 4.11874355e+00  4.43285976e-02  3.39281396e-02
 4.13975754e+00  4.49297926e-02  2.33434764e-02
 4.16077154e+00  4.53120224e-02  1.30935382e-02
 4.18178554e+00  4.54826469e-02  3.20885677e-03
 4.20279954e+00  4.54496374e-02 -6.28287136e-03
 4.22381353e+00  4.52215177e-02 -1.53567884e-02
 4.24482753e+00  4.48073040e-02 -2.39908656e-02
 4.26584153e+00  4.42164459e-02 -3.21658822e-02
 4.28685553e+00  4.34587678e-02 -3.98653932e-02
 4.30786952e+00  4.25444108e-02 -4.70756855e-02
 4.32888352e+00  4.14837758e-02 -5.37857255e-02
 4.34989752e+00  4.02874682e-02 -5.99870960e-02
 4.37091152e+00  3.89662432e-02 -6.56739252e-02
 4.39192552e+00  3.75309534e-02 -7.08428073e-02
 4.41293951e+00  3.59924978e-02 -7.54927154e-02
 4.43395351e+00  3.43617728e-02 -7.96249084e-02
 4.45496751e+00  3.26496253e-02 -8.32428315e-02
 4.47598151e+00  3.08668076e-02 -8.63520109e-02
 4.49699550e+00  2.90239349e-02 -8.89599449e-02
 4.51800950e+00  2.71314453e-02 -9.10759895e-02
 4.53902350e+00  2.51995618e-02 -9.27112424e-02
 4.56003750e+00  2.32382567e-02 -9.38784227e-02
 4.58105149e+00  2.12572193e-02 -9.45917494e-02
 4.60206549e+00  1.92658252e-02 -9.48668183e-02
 4.62307949e+00  1.72731092e-02 -9.47204776e-02
 4.64409349e+00  1.52877396e-02 -9.41707040e-02
 4.66510749e+00  1.33179964e-02 -9.32364781e-02
 4.68612148e+00  1.13717513e-02 -9.19376614e-02
 4.70713548e+00  9.45645038e-03 -9.02948737e-02
 4.72814948e+00  7.57909942e-03 -8.83293734e-02
 4.74916348e+00  5.74625193e-03 -8.60629387e-02
 4.77017747e+00  3.96399926e-03 -8.35177527e-02
 4.79119147e+00  2.23796338e-03 -8.07162900e-02
 4.81220547e+00  5.73291839e-04 -7.76812084e-02
 4.83321947e+00 -1.02534492e-03 -7.44352431e-02
 4.85423346e+00 -2.55375415e-03 -7.10011049e-02
 4.87524746e+00 -4.00821923e-03 -6.74013834e-02
 4.89626146e+00 -5.38549613e-03 -6.36584546e-02
 4.91727546e+00 -6.68280805e-03 -5.97943921e-02
 4.93828946e+00 -7.89783810e-03 -5.58308850e-02
 4.95930345e+00 -9.02872046e-03 -5.17891595e-02
 4.98031745e+00 -1.00740298e-02 -4.76899064e-02
 5.00133145e+00 -1.10327695e-02 -4.35532135e-02
 5.02234545e+00 -1.19043581e-02 -3.93985037e-02
 5.04335944e+00 -1.26886146e-02 -3.52444784e-02
 5.06437344e+00 -1.33857434e-02 -3.11090665e-02
 5.08538744e+00 -1.39963168e-02 -2.70093783e-02
 5.10640144e+00 -1.45212577e-02 -2.29616656e-02
 5.12741543e+00 -1.49618214e-02 -1.89812866e-02
 5.14842943e+00 -1.53195761e-02 -1.50826763e-02
 5.16944343e+00 -1.55963835e-02 -1.12793223e-02
 5.19045743e+00 -1.57943786e-02 -7.58374516e-03
 5.21147143e+00 -1.59159491e-02 -4.00748423e-03
 5.23248542e+00 -1.59637150e-02 -5.61088216e-04
 5.25349942e+00 -1.59405074e-02  2.74588972e-03
 5.27451342e+00 -1.58493475e-02  5.90489228e-03
 5.29552742e+00 -1.56934263e-02  8.90835401e-03
 5.31654141e+00 -1.54760831e-02  1.17496932e-02
 5.33755541e+00 -1.52007854e-02  1.44232999e-02
 5.35856941e+00 -1.48711085e-02  1.69245200e-02
 5.37958341e+00 -1.44907155e-02  1.92496362e-02
 5.40059740e+00 -1.40633382e-02  2.13958456e-02
 5.42161140e+00 -1.35927578e-02  2.33612337e-02
 5.44262540e+00 -1.30827866e-02  2.51447467e-02
 5.46363940e+00 -1.25372502e-02  2.67461603e-02
 5.48465340e+00 -1.19599708e-02  2.81660466e-02
 5.50566739e+00 -1.13547501e-02  2.94057389e-02
 5.52668139e+00 -1.07253545e-02  3.04672946e-02
 5.54769539e+00 -1.00754995e-02  3.13534563e-02
 5.56870939e+00 -9.40883655e-03  3.20676120e-02
 5.58972338e+00 -8.72893910e-03  3.26137540e-02
 5.61073738e+00 -8.03929095e-03  3.29964362e-02
 5.63175138e+00 -7.34327459e-03  3.32207319e-02
 5.65276538e+00 -6.64416085e-03  3.32921904e-02
 5.67377937e+00 -5.94509933e-03  3.32167930e-02
 5.69479337e+00 -5.24910977e-03  3.30009098e-02
 5.71580737e+00 -4.55907434e-03  3.26512560e-02
 5.73682137e+00 -3.87773086e-03  3.21748487e-02
 5.75783537e+00 -3.20766689e-03  3.15789641e-02
 5.77884936e+00 -2.55131475e-03  3.08710955e-02
 5.79986336e+00 -1.91094736e-03  3.00589116e-02
 5.82087736e+00 -1.28867500e-03  2.91502167e-02
 5.84189136e+00 -6.86442890e-04  2.81529111e-02
 5.86290535e+00 -1.06029539e-04  2.70749527e-02
 5.88391935e+00  4.50954046e-04  2.59243208e-02
 5.90493335e+00  9.83064447e-04  2.47089804e-02
 5.92594735e+00  1.48902517e-03  2.34368484e-02
 5.94696134e+00  1.96772531e-03  2.21157612e-02
 5.96797534e+00  2.41821752e-03  2.07534444e-02
 5.98898934e+00  2.83971536e-03  1.93574841e-02
 6.01000334e+00  3.23159012e-03  1.79352992e-02
 6.03101733e+00  3.59336701e-03  1.64941168e-02
 6.05203133e+00  3.92472088e-03  1.50409489e-02
 6.07304533e+00  4.22547150e-03  1.35825703e-02
 6.09405933e+00  4.49557831e-03  1.21254999e-02
 6.11507333e+00  4.73513492e-03  1.06759823e-02
 6.13608732e+00  4.94436314e-03  9.23997262e-03
 6.15710132e+00  5.12360673e-03  7.82312254e-03
 6.17811532e+00  5.27332495e-03  6.43076819e-03
 6.19912932e+00  5.39408579e-03  5.06792026e-03
 6.22014331e+00  5.48655901e-03  3.73925564e-03
 6.24115731e+00  5.55150910e-03  2.44911097e-03
 6.26217131e+00  5.58978809e-03  1.20147789e-03
 6.28318531e+00  5.60232820e-03  0.00000000e+00
