0. 1. 0. 0. 0. 0. 0.
0.1 0.9975015620660401 0.049937526036242 0.0012489586587999192 0.000020820315754756265 2.6028648545684046e-7 2.6030817909644425e-9
0.2 0.9900249722395764 0.09950083263923601 0.004983354152783564 0.00016625041643526786 4.158340274471934e-6 8.31945436094692e-8
0.30000000000000004 0.9776262465382961 0.14831881627310403 0.011165861949063967 0.0005593430477488463 0.000020999005912958383 6.304432633771076e-7
0.4 0.9603982266595634 0.19602657795531875 0.019734663117030274 0.0013200532149839578 0.00006613510772909679 2.6489395979775863e-6
0.5 0.9384698072408131 0.2422684576748739 0.030604023458682638 0.002563729994587244 0.00016073647636428762 8.053627241357475e-6
0.6000000000000001 0.9120048634972107 0.28670098806391575 0.0436650967158417 0.0043996567083621945 0.0003314703677802371 0.000019948195374300254
0.7000000000000001 0.8812008886074052 0.328995741540059 0.05878694436419172 0.006929654826750843 0.0006100970079583513 0.00004288240705888552
0.8 0.8462873527504802 0.36884204609416993 0.07581776248494473 0.010246766330553604 0.0010329849942073029 0.00008308361151942149
0.9 0.8075237981225449 0.40594954607880557 0.09458630427480116 0.014434028475866174 0.001640552230973337 0.00014865802167459606
1. 0.7651976865579666 0.44005058574493355 0.11490348493190047 0.019563353982668404 0.002476638964109955 0.0002497577302112345
1.1 0.7196220185275111 0.47090239486629304 0.136564153956658 0.02569452861246329 0.003587820293141759 0.00039870988311314383
1.2000000000000002 0.6711327442643625 0.4982890575672156 0.15934901834766318 0.03287433692499495 0.005022666277311589 0.0006101049237489687
1.3 0.6200859895615092 0.5220232474146603 0.18302669876873762 0.04113582571991694 0.006830958400109748 0.000900841357681507
1.4000000000000001 0.5668551203742886 0.5419477139308545 0.2073558995269321 0.05049771328895131 0.009062871711430661 0.001290125062081035
1.5 0.5118276717359181 0.5579365079100995 0.23208767214421472 0.06096395114113963 0.011768132420343793 0.0017994217673606113
1.6 0.4554021676393807 0.5698959352616804 0.2569677514377198 0.07252344333261901 0.014995161059601518 0.0024523619653885583
1.7000000000000002 0.39798485944610945 0.5777652315290233 0.2817389423527414 0.08514992694801528 0.01879021158143017 0.0032745981410678662
1.8 0.3399864110425584 0.5815169517311652 0.30614353532540295 0.09880201565861917 0.023196516869994317 0.00429361487468887
1.9000000000000001 0.2818185593743853 0.5811570727134342 0.3299257276923872 0.11342340663896013 0.028253451167486798 0.005538493013615883
2. 0.22389077914123562 0.5767248077568736 0.35283402861563773 0.12894324947440206 0.03399571980756842 0.007039629755871684
2.1 0.1666069803319903 0.5682921357570385 0.3746236251509036 0.14527667405420636 0.04045258643254312 0.008828417117386465
2.2 0.11036226692217384 0.5559630498190636 0.3950586874587934 0.1623254728332875 0.04764714754108162 0.01093688186155476
2.3000000000000003 0.055539784445601835 0.5398725326043137 0.41391459173206196 0.17997893127753348 0.055595663774546916 0.013397290546977567
2.4000000000000004 0.002507683297243662 0.5201852681819309 0.43098004018769864 0.19811479879756694 0.0643069568062184 0.016241723889827673
2.5 -0.04838377646819799 0.4970941024642741 0.4460590584396172 0.21660039103911352 0.07378188005425522 0.01950162513450322
2.6 -0.09680495439703832 0.4708182665175785 0.4589728517182528 0.23529381304896388 0.08401287070243313 0.023207327573907276
2.7 -0.14244937004601185 0.4416013791182532 0.4695615027261994 0.25404529158722744 0.0949835896898615 0.02738756675310295
2.8000000000000003 -0.18503603336438748 0.4097092468522886 0.4776854954017364 0.2726986037216205 0.10666865543030735 0.03206898322211492
2.9000000000000004 -0.22431154579196827 0.3754274818130957 0.4832270504906549 0.29109258782918684 0.11903347605249014 0.037275621970785974
3. -0.26005195490193334 0.3390589585259365 0.4860912605858912 0.3090627222552516 0.1320341839246122 0.04302843487704757
3.1 -0.29206434765069766 0.30092113310105756 0.486207014167509 0.326442756147341 0.14561767514992524 0.04934479262665961
3.2 -0.3201881696571229 0.26134324878050474 0.48352770014493857 0.34306637640066817 0.1597217556063145 0.05623801261511795
3.3000000000000003 -0.3442962603988848 0.22066345298524095 0.4780316864505459 0.35876889422754193 0.17427539396316657 0.0637169093195285
3.4000000000000004 -0.3642955967620005 0.17922585168150712 0.46972256833935766 0.3733889346000901 0.18919908095491902 0.07178537352913111
3.5 -0.3801277399872634 0.13737752736232722 0.45862918419430765 0.3867701117168814 0.20440529303463206 0.08044198664799179
3.6 -0.39176898370079777 0.09546554717787639 0.44480539879961806 0.39876267371058804 0.21979905738469535 0.08967967603317951
3.7 -0.3992302033711912 0.053833987745461796 0.428329656206576 0.40922510004543106 0.2352786141373663 0.09948541700833388
3.8000000000000003 -0.4025564101785643 0.01282100292673148 0.40930430645579136 0.4180256354477855 0.250736170567028 0.1098399867985892
3.9000000000000004 -0.4018260148876399 -0.027244039620780043 0.38785471251800896 0.42504374476745604 0.2660587409703847 0.12071777517179463
4. -0.3971498098638473 -0.06604332802354926 0.3641281458520729 0.4301714738756218 0.28112906496136003 0.13208665604709827
4.1000000000000005 -0.38866967983585327 -0.10327325774733856 0.33829248093471276 0.4333147025616927 0.29582659598483757 0.14390792375018535
4.2 -0.37655705436756787 -0.13864694212604617 0.31053470097421254 0.4343942763872008 0.3100285510075029 0.15613629696042408
4.3 -0.3610111172365348 -0.17189656022154004 0.28105922876139994 0.43334700558098244 0.3236110115841569 0.16871999271512322
4.4 -0.3422567900038859 -0.2027755219230868 0.25008609822066447 0.4301265203055088 0.336450065832302 0.18160087211685874
4.5 -0.3205425089851215 -0.23106043192337059 0.2178489836858456 0.42470397297745566 0.34842298028409524 0.19471465863871365
4.6000000000000005 -0.29613781657414157 -0.2565528360974449 0.18459310522742609 0.4170685797734673 0.3594093901292703 0.2079912291470029
4.7 -0.26933078941975264 -0.279080735843335 0.15057302948641846 0.4072279949807128 0.3692924960208745 0.2213549769697117
4.800000000000001 -0.2404253272911832 -0.29849985809955776 0.11605038641636733 0.3952085134465308 0.3779602553917961 0.2347252455397958
4.9 -0.20973832758532615 -0.3146946710151908 0.08129152308932959 0.38105509802688864 0.38530655612726833 0.24801683034416155
5. -0.17759677131433846 -0.3275791375914652 0.046565116277751624 0.36483123061366685 0.39123236045864807 0.26114054612017007
5.1000000000000005 -0.14433474706049965 -0.3370972020182313 0.012139765876879836 0.3466185870197063 0.3956468070874804 0.274003855470459
5.2 -0.11029043979098728 -0.3432230058719217 -0.02171840862129081 0.3265165377016977 0.39846825981555806 0.2865115543222375
5.300000000000001 -0.07580311158558439 -0.34596083380118575 -0.054748146452599185 0.3046414779879035 0.39962529134456576 0.29856650894729014
5.4 -0.041210101244991255 -0.345344790779587 -0.08669537682152227 0.2811259931340144 0.39905759141487157 0.31007043859172134
5.5 -0.006843869417819342 -0.3414382154290435 -0.11731548164728682 0.2561178651401069 0.3967167890728588 0.32092473714768754
5.6000000000000005 0.02697088468511368 -0.3343328362910081 -0.14637546907476037 0.22977892980903616 0.3925671795844415 0.3310313267401662
5.7 0.05992000972403703 -0.32414768022285634 -0.17365603787240813 0.2022837939966047 0.3865863473425181 0.34029353560692976
5.800000000000001 0.09170256757481754 -0.3110277443039434 -0.1989535138865206 0.17381842438220368 0.3787656770405247 0.3486169922254162
5.9 0.12203335459282229 -0.29514244472901724 -0.22208164094164182 0.14457862036180075 0.36911074639432134 0.35591052729151534
6. 0.150645257250997 -0.2766838581275652 -0.24287320996018535 0.11476838482077494 0.35764159478096036 0.3620870748871724
6.1000000000000005 0.177291422242743 -0.255864772558384 -0.2611815116061469 0.08459820757074388 0.34439286331507774 0.3670645639900123
6.2 0.20174722294890451 -0.2329165670732222 -0.27688159942413654 0.05428327712216616 0.32941380309075013 0.3707667913820273
6.300000000000001 0.22381200613219224 -0.20808694020724125 -0.2898713522297278 0.024041637204240216 0.3127681495671 0.3731242670079504
6.4 0.2433106048234076 -0.18163750902418319 -0.3000723263934635 -0.0059076949717317565 0.2945338623574648 0.3740750229185633
6.5 0.26009460558160596 -0.15384130140997 -0.30743039063082883 -0.035346631285923004 0.27480273098228486 0.3735653771102726
6.6000000000000005 0.27404336062414714 -0.12498016516056244 -0.31191613794552925 -0.06405991844278863 0.25367984845208613 0.3715506438392552
6.7 0.28506473771057717 -0.09534211804138634 -0.3135250714542734 -0.09183702909549231 0.23128295584637004 0.3679957823448892
6.800000000000001 0.29309560310427046 -0.06521866340168195 -0.3122775629283001 -0.1184740206737836 0.20774166233378194 0.362875976360587
6.9 0.2981020354048171 -0.03490209610461578 -0.30821858500036126 -0.143775344475302 0.18319654632618562 0.356177137317256
7. 0.30007927051955724 -0.004682823482344545 -0.30141722008593985 -0.16755558799533432 0.15779814466136816 0.34789632475118365
7.1000000000000005 0.2990513805015487 0.025153274253912086 -0.2919659511342515 -0.1896411340478541 0.13170583785437295 0.3380420781091204
7.2 0.2950706914009563 0.054327420222369756 -0.2799797413391866 -0.20987172096635762 0.10508664053388833 0.32663465489290405
7.300000000000001 0.2882169476350143 0.08257043049326016 -0.26559491188343287 -0.2281018890595243 0.07811390717697786 0.31370617089730807
7.4 0.27859623265747635 0.10962509485399448 -0.24896782864288658 -0.24420229952582606 0.050965964162489386 0.2993006391609459
7.5 0.26633965788037833 0.13524842757970523 -0.23027341052579042 -0.25806091319346036 0.023824679971023156 0.28347390516255033
7.6000000000000005 0.25160183384997403 0.15921376839635373 -0.2097034737456695 -0.2695840177361841 -0.0031260139407905973 0.2662934767458791
7.7 0.23455913958646438 0.1813127153245875 -0.1874649278138389 -0.27869709340970217 -0.029701638479428888 0.24783824823626785
7.800000000000001 0.2154078077462617 0.2013568727559 -0.16377784037295573 -0.2853455088445924 -0.05571870489211533 0.22819811921165228
7.9 0.19436184484128344 0.21917939992175892 -0.13887338916488962 -0.2894950400052354 -0.08099626147200516 0.20747350940067646
8. 0.17165080713755423 0.23463634685390672 -0.1129917204240698 -0.29113220706595055 -0.10535743487539098 0.18577477219056374
8.1 0.1475174540443709 0.2476077669815868 -0.08637973380200378 -0.29026442564924915 -0.12863095186410295 0.16322151022791637
8.200000000000001 0.12221530178413822 0.25799859764868494 -0.05928881455275166 -0.2869199706012424 -0.150652627350596 0.13994179757626968
8.3 0.09600610089500808 0.2657393020418768 -0.03197253413792934 -0.28114775222881705 -0.17126680482265946 0.11607131384553505
8.4 0.0691572616569931 0.27078626827683644 -0.00468434063869872 -0.27301690667621326 -0.19032773555860344 0.09175239662039954
8.5 0.0419392518429368 0.2731219636740597 0.022324739609783133 -0.2626162038576811 -0.20770088350932353 0.06713301937832179
8.6 0.014622991278761745 0.2727548445458992 0.048808367917959 -0.2500532780724052 -0.2232641433173246 0.04236570289349441
8.700000000000001 -0.012522732449664979 0.2697190240921027 0.07452710580417568 -0.2354536880901864 -0.23690895965948527 0.01760636886308721
8.8 -0.03923380317653844 0.2640737032396677 0.09925055391282656 -0.21895981509747878 -0.2485413369338495 -0.006986854842371046
8.9 -0.06525324685123134 0.25590237144398403 0.12275939773751988 -0.20072960841587162 -0.2580827292538476 -0.03125486731792896
9. -0.09033361118288365 0.24531178657332595 0.14484734153251164 -0.18093519033665412 -0.26547080175693527 -0.0550388556695124
9.1 -0.11423923268321254 0.23243074500586025 0.16532291290428072 -0.15976133274024237 -0.27066005537036775 -0.07818157307985305
9.200000000000001 -0.1367483707648629 0.21740865496044942 0.18401112184322146 -0.13740381937644008 -0.2736223083930724 -0.10052862270449674
9.3 -0.1576551899434255 0.20041392784373757 0.20075495937218626 -0.1140677087589263 -0.27434702953918866 -0.12192973600598758
9.4 -0.17677157275151967 0.1816322040070368 0.2154167225402509 -0.08996551356437685 -0.2728415184323761 -0.14224003403766022
9.5 -0.1939287476874304 0.16126443075755312 0.22787915416270474 -0.06531531321536165 -0.2691309309302758 -0.1613212601996344
9.600000000000001 -0.2089787183688857 0.13952481174066128 0.23804638748152346 -0.04033881695669318 -0.26325814807944586 -0.1790429731095146
9.700000000000001 -0.22179548203173255 0.11663864790020984 0.24584468778435314 -0.015259395205631226 -0.2552834889424855 -0.19528368845826527
9.8 -0.23227602757935414 0.09284009111279573 0.25122298494931244 0.009699902744066468 -0.24528426898355743 -0.20993195905717646
9.9 -0.24034110553473292 0.06836983228370797 0.25415319286477495 0.034318326449534434 -0.23335420713778432 -0.22288738272251699
10. -0.24593576445136417 0.04347274616880752 0.2546303136851257 0.05837937930524274 -0.21960268610198003 -0.2340615281868063
10.100000000000001 -0.24902965058091006 0.018395515457571173 0.25267232690912306 0.08167273282326086 -0.20415387176659192 -0.24337876986613033
10.200000000000001 -0.24961706985412674 -0.006615743297724049 0.24831986528592717 0.10399608262551147 -0.18714569903562633 -0.2507770230456529
10.3 -0.24771681348224325 -0.031317829475982675 0.24163568154515924 0.12515692910517073 -0.16872873255185591 -0.2562083718638992
10.4 -0.2433717507142149 -0.055472761849026685 0.23270391189709438 0.14497426642483222 -0.14906491203661426 -0.2596395833760662
10.5 -0.23664819446237106 -0.07885001422737743 0.22162914413334678 0.1632801643734143 -0.12832619306282433 -0.2610525019450442
10.600000000000001 -0.2276350476207311 -0.10122866258553768 0.20853529996308248 0.17992122860934237 -0.10669309508986985 -0.2604443192432064
10.700000000000001 -0.21644273992378568 -0.12239942392713127 0.1935643429280602 0.19475992595631264 -0.08435316949461387 -0.2578277162326595
10.8 -0.20320196711198818 -0.14216656829874194 0.1768748248344434 0.20767576268186913 -0.0614994011222939 -0.25323087462430904
10.9 -0.18806224596334153 -0.16034968668084434 0.158640285104471 0.21856630506780617 -0.03832855754421073 -0.24669735647640118
11. -0.17119030040720437 -0.17678529895671816 0.13904751877871016 0.2273480330580673 -0.015039500747037065 -0.2382858517831852
11.100000000000001 -0.15276829543564635 -0.19132828777503944 0.11829473007077439 0.23395701933207522 0.008168523622239215 -0.22806979509983072
11.200000000000001 -0.13299193685958174 -0.20385314586456962 0.09658958938376574 0.23834942778734308 0.031097604073739463 -0.21613685344895775
11.3 -0.11206845610976021 -0.21425502620747283 0.07414721253321635 0.24050182710418658 0.0535528726548473 -0.2025882889414628
11.4 -0.09021450024751955 -0.22245058641496837 0.05118808157822685 0.24041131679330663 0.07534419041818533 -0.18753820071036953
11.5 -0.06765394811166522 -0.22837862066532347 0.02793592712639158 0.23809546488319336 0.09628779368230862 -0.17111265188680475
11.600000000000001 -0.044615674094438035 -0.2320004746197559 0.004615592263445641 0.23359205815882345 0.11620788609473605 -0.15344868843831583
11.700000000000001 -0.021331281388499365 -0.23330024083143022 -0.01854910165960836 0.22695866761447617 0.1349381619745833 -0.13469325771732518
11.8 0.0019671733067397417 -0.23228473426738358 -0.04133746725036407 0.21827203350454727 0.15232324699844568 -0.11500203553949931
11.9 0.025049441699589694 -0.22898324966192404 -0.06353402147470298 0.20762727605703474 0.1682200430160675 -0.09453817150841796
12. 0.047689310796833535 -0.2234471044905187 -0.08493049487861021 0.19513693953098193 0.1824989646441012 -0.07347096310158115
12.100000000000001 0.0696667736068076 -0.2157489733769247 -0.10532776094183648 0.18092987885069775 0.1950450562397031 -0.051974469766596525
12.200000000000001 0.09077012317050516 -0.2059820216995598 -0.1245376677114166 0.16514999949909534 0.20575897894047984 -0.03022607888238724
12.3 0.11079795030758546 -0.19425884804059138 -0.1423847548670312 0.14795486271797958 0.21455785863189927 -0.008405035965524778
12.4 0.12956102651750237 -0.18071024688267318 -0.15870784053083678 0.12951416929208068 0.22137598696248867 0.01330904810307331
12.5 0.1468840547004211 -0.1654838046147597 -0.17336146343878267 0.11000813631434926 0.22616536886967029 0.03473769976223973
12.600000000000001 0.16260727174551096 -0.1487423434219598 -0.18621716752677442 0.08962578230234887 0.22889611148031688 0.055705082129494106
12.700000000000001 0.17658788856149915 -0.13066222900423094 -0.19716461753854336 0.06856313686610704 0.22955665070363335 0.07603947775035488
12.8 0.18870135478068348 -0.11143155927760216 -0.20611253591780881 0.04702139180328691 0.22815381332559956 0.0955747415252128
12.9 0.19884243713633093 -0.09124825224993947 -0.21298945298903474 0.025205011013029473 0.22471271392532752 0.11415171080112714
13. 0.20692610237706782 -0.07031805212177837 -0.21774426424195678 0.003319816970407051 0.21927648745906772 0.13161955992748078
13.100000000000001 0.21288819752206045 -0.04885247333422336 -0.22034659039751442 -0.018428928313872633 0.21190585987207655 0.1478370870143774
13.200000000000001 0.21668592225856415 -0.02706670276477879 -0.22078693782898517 -0.03983842991067125 0.20267856059686185 0.1626739211814966
13.3 0.21829809031927708 -0.005177480554670838 -0.21907665882373886 -0.06071023638479948 0.19168858225916766 0.17601163924745672
13.4 0.217725178731184 0.01659901986400925 -0.21524771307983934 -0.0808520685445583 0.17904529432854455 0.1877447815765252
13.5 0.21498916588040082 0.03804929208600142 -0.20935223371951173 -0.10007958355844933 0.16487241880464532 0.19778175766490583
13.600000000000001 0.21013316136924834 0.058964557248737934 -0.2014619029503163 -0.118218058116478 0.14930687731069364 0.20604563300512133
13.700000000000001 0.20322083263300703 0.07914276510011484 -0.19166714429722387 -0.13510397511390282 0.13249752015974817 0.2124747898057266
13.8 0.19433563521562847 0.09839051665835445 -0.18007614004775102 -0.15058649928089096 0.11460374905605929 0.2170234552554181
13.9 0.18357985545786965 0.11652489036905639 -0.1668136841817464 -0.1645288282630841 0.0957940460825734 0.2196620921955005
14. 0.17107347611045867 0.13337515469879327 -0.15201988258205962 -0.17680940686509597 0.07624442249701847 0.22037764829196368
14.100000000000001 0.15695287703260102 0.1487843512973941 -0.1358487137280061 -0.18732299348973624 0.0561368016047141 0.21917366106687897
14.200000000000001 0.14136938465712842 0.16261073420017574 -0.1184664643472445 -0.19598156922756857 0.03565735058911695 0.2160702174467894
14.3 0.12448768528391918 0.17472905201322247 -0.10005005563172024 -0.20271508156055681 0.014994776655262837 0.21110376780126328
14.4 0.1064841184903416 0.18503166161457774 -0.08078527659942802 -0.20747201622552994 -0.005661396827876125 0.2043267957655988
14.5 0.0875448680103762 0.1934294635960469 -0.06086494199712835 -0.21021979242284097 -0.026122558315771347 0.1958073464555188
14.600000000000001 0.06786406832337875 0.19985265144743206 -0.04048699278263464 -0.21094497823719496 -0.04620272430114411 0.1856284169762941
14.700000000000001 0.04764184590152152 0.20425126832990542 -0.019852557693371124 -0.20965332484510843 -0.06572022795769353 0.17388721439194188
14.8 0.027082314585871927 0.20659556717980904 0.000836005303291456 -0.20636961980054108 -0.08449936468188918 0.16069428754006043
14.9 0.0063915448908528445 0.206876171809925 0.0213770687749089 -0.2011373614005535 -0.10237197940600425 0.1461725402429673
15. -0.014224472826780772 0.20510403861352275 0.04157167797525047 -0.1940182578201226 -0.11917898110329951 0.13045613456502955