0. 3. 0.
0.02 2.9940811744130307 -0.5877663959730927
0.04 2.976658381783665 -1.1501822450080748
0.06 2.9482509920903883 -1.686037027151583
0.08 2.909401067389923 -2.1942718003392385
0.1 2.860670347300755 -2.6739774077289966
0.12 2.802637275556448 -3.124392168205446
0.14 2.7358940776735072 -3.544899079372856
0.16 2.6610438991844063 -3.935022563116125
0.18 2.578698013278374 -4.294424784422398
0.2 2.4894731060737723 -4.622901574625318
0.22 2.3939886471191434 -4.9203779905625895
0.24 2.29286435208804 -5.186903541329909
0.26 2.1867177439982584 -5.422647114374874
0.28 2.076161818651706 -5.6278916326084065
0.3 1.9618028193592194 -5.80302847402341
0.32 1.8442381253877498 -5.948551685006566
0.34 1.7240542579475475 -6.065052018115068
0.36 1.6018250069265656 -6.1532108245715404
0.38 1.4781096809802499 -6.213793831113576
0.4 1.3534514829990902 -6.247644830125664
0.42 1.228376012405562 -6.255679311186795
0.44 1.1033898951780239 -6.238878061293645
0.46 0.9789795419632908 -6.198280760073085
0.48 0.8556100341233432 -6.134979595285655
0.5 0.7337241370662139 -6.0501129228500155
0.52 0.6137414397376729 -5.944858994493783
0.54 0.496057618699844 -5.820429774965133
0.56 0.38104382479626225 -5.678064869528411
0.58 0.2690461900008046 -5.5190255812221585
0.6 0.16038545167104507 -5.344589116085539
0.62 0.0553566910753817 -5.156042953265326
0.64 -0.045770817261908084 -4.954679395606136
0.66 -0.14275364915237806 -4.741790315007393
0.68 -0.23537417129903312 -4.518662105506989
0.7000000000000001 -0.3234403830889686 -4.286570855729212
0.72 -0.4067856641157152 -4.046777751018327
0.74 -0.48526843211732584 -3.800524714274212
0.76 -0.5587717161836591 -3.5490302932172133
0.78 -0.6272026502281047 -3.2934858005405094
0.8 -0.690491891835719 -3.0350517121637233
0.8200000000000001 -0.7485929716917357 -2.7748543275854782
0.84 -0.801481578862553 -2.5139826951483735
0.86 -0.8491547872459374 -2.253485803881265
0.88 -0.8916302285293818 -1.9943700424734347
0.9 -0.9289452169958472 -1.7375969248664618
0.92 -0.9611558314955212 -1.484081080924672
0.9400000000000001 -0.9883359598615796 -1.2346885096663565
0.96 -1.0105763109881953 -0.9902350916074932
0.98 -1.0279833997111822 -0.7514853558892663
1. -1.0406785095367053 -0.5191514970317339
1.02 -1.0487966381524998 -0.293892635379714
1.04 -1.0524854305300306 -0.0763143145844699
1.06 -1.0519041042861352 0.13303177120337484
1.08 -1.047222371819969 0.3336478283674626
1.1 -1.0386193635766512 0.5250898015816898
1.12 -1.0262825566139684 0.7069670072872493
1.1400000000000001 -1.0104067124639489 0.8789415723372985
1.16 -0.9911928280881698 1.040727687649107
1.18 -0.9688471035253694 1.1920906870428587
1.2 -0.943579929623425 1.3328459617323132
1.22 -0.9156048990359998 1.4628577211665066
1.24 -0.8851378434482955 1.5820376111042629
1.26 -0.8523958997772756 1.6903431999363716
1.28 -0.8175966078705252 1.7877763443546852
1.3 -0.7809570420054537 1.8743814455052459
1.32 -0.7426929782678237 1.950243606755
1.34 -0.7030180996664137 2.0154867041510434
1.36 -0.6621432406199266 2.070271380559025
1.3800000000000001 -0.620275672233739 2.11479297433583
1.4000000000000001 -0.5776184295686558 2.1492793932225136
1.42 -0.5343696818920565 2.1739889439392903
1.44 -0.4907221466945435 2.189208127726923
1.46 -0.4468625480529259 2.1952494118107326
1.48 -0.4029711197237667 2.192448986466602
1.5 -0.35922115316134506 2.181164517045265
1.52 -0.31577859047017126 2.161772899964082
1.54 -0.27280166212566787 2.1346680313066666
1.56 -0.2304405691276792 2.100258596282557
1.58 -0.18883720909045254 2.058965887393735
1.6 -0.14812494561997486 2.0112216587346414
1.62 -0.1084284201853243 1.9574660234194685
1.6400000000000001 -0.0698634055552406 1.8981454006872482
1.6600000000000001 -0.0325366997446144 1.8337105187836698
1.68 0.003453940701820945 1.7646144792608018
1.7 0.03801982936952202 1.6913108878739322
1.72 0.07108134195775125 1.6142520567906495
1.74 0.10256787305630552 1.5338872823628542
1.76 0.13241775926526944 1.450661202249527
1.78 0.16057817027883975 1.3650122352185547
1.8 0.18700496961630778 1.2773711065012872
1.82 0.21166254673623666 1.1881594611255093
1.84 0.2345236223139975 1.0977885672125196
1.86 0.255569028498196 1.0066581107935382
1.8800000000000001 0.27478746598843223 0.9151550832809163
1.9000000000000001 0.29217523979542454 0.8236527623219623
1.92 0.3077359755551399 0.7325097863685656
1.94 0.3214803182713869 0.6420693229154495
1.96 0.33342561535671944 0.552658329994545
1.98 0.3435955858297247 0.46458691016360104
2. 0.3520199775081698 0.3781477558945088
2.02 0.35873421401241756 0.29361568495142976
2.04 0.363779033362314 0.21124726405137714
2.06 0.3672001199137799 0.13128051882080494
2.08 0.36904773133897806 0.05393472780139316
2.1 0.36937632230654466 -0.02058970198314657
2.12 0.3682441664663553 -0.0921112806095556
2.14 0.36571297828703275 -0.16046740489990713
2.16 0.36184753623426974 -0.22551425522541585
2.18 0.3567153087144414 -0.2871266227298249
2.2 0.350386084141286 -0.3451976703779032
2.22 0.3429316064140307 -0.3996386313604322
2.24 0.3344252170236114 -0.4503784484941435
2.2600000000000002 0.32494150492995044 -0.4973633583436938
2.2800000000000002 0.3145559652779764 -0.5405564238632986
2.3000000000000003 0.30334466794356163 -0.5799370194085197
2.32 0.2913839368231595 -0.6155002720044227
2.34 0.27875004070297593 -0.6472564627754145
2.36 0.2655188964653555 -0.6752303924450731
2.38 0.25176578531198335 -0.6994607148019077
2.4 0.2375650826058447 -0.7199992419997523
2.42 0.2229900018568936 -0.7369102255202294
2.44 0.20811235330035907 -0.7502696165700303
2.46 0.19300231744181698 -0.7601643096184486
2.48 0.17772823386981706 -0.7666913727013815
2.5 0.16235640556522 -0.7699572680277155
2.52 0.146950918866666 -0.7700770663233664
2.54 0.13157347918398 -0.7671736582381057
2.56 0.11628326248598968 -0.7613769660214253
2.58 0.10113678252636545 -0.7528231585469252
2.6 0.08618777371082487 -0.7416538726308333
2.62 0.07148708945152671 -0.7280154434501038
2.64 0.057082615799818236 -0.7120581467198521
2.66 0.0430192000968022 -0.6939354551395186
2.68 0.029338594332537368 -0.6738033114628177
2.7 0.0160794128591557 -0.651819420389029
2.72 0.0032771040608269093 -0.6281425613132431
2.74 -0.009036064455641726 -0.6029319238115154
2.7600000000000002 -0.02083100762166723 -0.5763464675742177
2.7800000000000002 -0.032081812123959864 -0.5485443083378524
2.8000000000000003 -0.04276571361191115 -0.5196821312029122
2.82 -0.052863062455545624 -0.4899146325636144
2.84 -0.06235727863720316 -0.45939399171510625
2.86 -0.07123479637982873 -0.4282693730456532
2.88 -0.07948499913135365 -0.39668645956582416
2.9 -0.0871001455381515 -0.3647870183743885
2.92 -0.09407528705106111 -0.3327084985119294
2.94 -0.10040817781502727 -0.3005836615085539
2.96 -0.10609917749813888 -0.268540244791894
2.98 -0.11115114771779694 -0.236700657986291
3. -0.11556934272105471 -0.20518171200391863
3.02 -0.11936129497293697 -0.1740943807039361
3.04 -0.12253669630086118 -0.1435435947769071
3.06 -0.12510727523529316 -0.11362806739883212
3.08 -0.1270866711765803 -0.0844401510924786
3.1 -0.1284903060056411 -0.0560657251334318
3.12 -0.1293352537419963 -0.02858411274451694
3.14 -0.1296401088366124 -0.0020680272351572787
3.16 -0.12942485366934528 0.023416453838151486
3.18 -0.12871072580155202 0.04780988748770454
3.2 -0.1275200855138039 0.07105943815103188
3.22 -0.1258762841367432 0.09311882571220609
3.24 -0.12380353366009249 0.1139482498655605
3.2600000000000002 -0.12132677808080025 0.13351429204590967
3.2800000000000002 -0.11847156692641311 0.15178979618932495
3.3000000000000003 -0.11526393136413932 0.16875372962191135
3.3200000000000003 -0.11173026327983879 0.1843910254010548
3.34 -0.107897197684467 0.1986924074543919
3.36 -0.10379149877843846 0.21165419987641904
3.38 -0.09943994997708085 0.2232781217514339
3.4 -0.0948692481729344 0.2335710688745817
3.42 -0.09010590248323372 0.24254488374033276
3.44 -0.08517613770358984 0.2502161151600158
3.46 -0.08010580266177716 0.2566057688573048
3.48 -0.07492028363871864 0.2617390503730167
3.5 -0.06964442299735174 0.26564510158852384
3.52 -0.06430244313412314 0.26835673215076566
3.54 -0.058917875842501743 0.26991014705151395
3.56 -0.0535134971531785 0.27034467157950687
3.58 -0.04811126769161845 0.26970247482658405
3.6 -0.042732278570412015 0.2680282928883033
3.62 -0.03739670281148882 0.26536915285600815
3.64 -0.03212375227177885 0.26177409865119067
3.66 -0.026931640025369748 0.25729391970457416
3.68 -0.02183754813565772 0.2519808834318834
3.7 -0.016857600732474547 0.24588847240605874
3.72 -0.012006842291709938 0.23907112707198358
3.74 -0.007299220998574106 0.23158399479489405
3.7600000000000002 -0.002747577060382093 0.22348268597779047
3.7800000000000002 0.0016363641794052814 0.21482303792663013
3.8000000000000003 0.005841994487151306 0.20566088708509533
3.8200000000000003 0.009859820518156035 0.19605185020354435
3.84 0.013681457312767164 0.18605111494959317
3.86 0.017299617702920517 0.17571324041086905
3.88 0.02070809783098727 0.16509196788404198
3.9 0.023901758990130993 0.1542400422884573
3.92 0.026876506001590368 0.14320904448778934
3.94 0.029629262349431494 0.1320492347492655
3.96 0.032157942297378506 0.12080940751734691
3.98 0.03446142021535106 0.10953675762747209
4. 0.03653949734534902 0.09827675803570342
4.0200000000000005 0.03839286623736039 0.08707304909199527
4.04 0.04002307308605244 0.07596733933847903
4.0600000000000005 0.041432478198190244 0.0649993177697003
4.08 0.04262421481903345 0.05420657744930848
4.1 0.043602146543448864 0.0436245503372959
4.12 0.04437082353416944 0.03328645314368585
4.14 0.04493543776558618 0.02322324398855225
4.16 0.04530177750671517 0.013463589614526995
4.18 0.04547618125158757 0.004033842866554504
4.2 0.045465491299310955 -0.005041969875431312
4.22 0.045277007179492575 -0.01374215165189018
4.24 0.04491843911164919 -0.02204732863244075
4.26 0.04439786167969816 -0.029940434965217935
4.28 0.0437236678946802 -0.03740668917360344
4.3 0.04290452381055468 -0.044433562524271684
4.32 0.04194932384927457 -0.05101073980535706
4.34 0.04086714698244569 -0.0571300729660779
4.36 0.03966721390773857 -0.06278552807945395
4.38 0.038358845348907364 -0.06797312609780437
4.4 0.036951421598810395 -0.07269087787664984
4.42 0.03545434341527651 -0.0769387139464377
4.44 0.0338769943700479 -0.0807184095133158
4.46 0.03222870474140819 -0.08403350516999991
4.48 0.030518717031496796 -0.08688922379574142
4.5 0.028756153179770254 -0.08929238412055035
4.5200000000000005 0.026949983534616424 -0.09125131142328156
4.54 0.02510899763580942 -0.09277574582600254
4.5600000000000005 0.023241776851323902 -0.09387674863836203
4.58 0.021356668903057794 -0.094566607195523
4.6000000000000005 0.019461764307248636 -0.09485873862174163
4.62 0.017564874746857088 -0.09476759293894046
4.64 0.015673513384937054 -0.09430855592574823
4.66 0.01379487712005337 -0.09349785211756033
4.68 0.011935830777152203 -0.09235244832230458
4.7 0.010102893219960546 -0.0908899580098858
4.72 0.008302225364009135 -0.08912854691582132
4.74 0.006539620062736993 -0.08708684018146767
4.76 0.004820493832880035 -0.08478383133457595
4.78 0.0031498803794562523 -0.08223879339478764
4.8 0.0015324258751666772 -0.07947119236919664
4.82 -0.000027614056077639907 -0.07650060338333504
4.84 -0.00152637570649671 -0.07334662967299486
4.86 -0.00296038706195676 -0.07002882464223849
4.88 -0.00432656605286686 -0.06656661717288871
4.9 -0.005622217345175376 -0.06297924035076873
4.92 -0.0068450277412857915 -0.05928566375410012
4.94 -0.007993060263426922 -0.055504529429792206
4.96 -0.009064746994329496 -0.051654091663979565
4.98 -0.010058880751999755 -0.04775216063411356
5. -0.010974605676937374 -0.04381605001128416
5.0200000000000005 -0.011811406811338535 -0.03986252856326139
5.04 -0.012569098750654253 -0.03590777579109663
5.0600000000000005 -0.013247813448362174 -0.03196734161501193
5.08 -0.013847987254955521 -0.02805611010883026
5.1000000000000005 -0.014370347271981018 -0.02418826726634763
5.12 -0.014815897101471168 -0.02037727276790452
5.14 -0.01518590207033686 -0.016635835700970734
5.16 -0.01548187400822384 -0.01297589417487668
5.18 -0.015705555656008986 -0.00940859875690396
5.2 -0.01585890478053429 -0.005944299644821305
5.22 -0.015944078069362874 -0.0025925374796435014
5.24 -0.015963414877311517 0.0006379623081164506
5.26 -0.015919420894280834 0.0037392917350851135
5.28 -0.01581475180148713 0.006704359209780748
5.3 -0.015652196980614336 0.009526885318689228
5.32 -0.015434663337666786 0.012201395594037746
5.34 -0.015165159300432066 0.014723210409960963
5.36 -0.01484677904547223 0.017088432159265296
5.38 -0.014482687007470027 0.019293929867679978
5.4 -0.014076102720577929 0.021337321406385466
5.42 -0.013630286038170474 0.02321695346670979
5.44 -0.013148522774096883 0.024931879463238858
5.46 -0.012634110805190054 0.026481835533176866
5.48 -0.012090346671419665 0.027867214800686956
5.5 -0.011520512706701376 0.029089040075114998
5.5200000000000005 -0.010927864729997978 0.030148935151524944
5.54 -0.010315620322991765 0.031049094880841597
5.5600000000000005 -0.00968694771727608 0.031792254175165194
5.58 -0.009044955310726606 0.03238165611150001
5.6000000000000005 -0.008392681829474691 0.03282101929427431
5.62 -0.007733087148730879 0.03311450463364699
5.64 -0.007069043782605072 0.03326668169272678
5.66 -0.00640332905004915 0.033282494752519355
5.68 -0.0057386179211187036 0.033167228738686515
5.7 -0.005077476544918464 0.032926475149094706
5.72 -0.004422356457872011 0.03256609811567714
5.74 -0.0037755894683409157 0.03209220072837227
5.76 -0.0031393832111251793 0.031511091742864074
5.78 -0.0025158173630033974 0.03082925278757218
5.8 -0.0019068405082268247 0.030053306178856824
5.82 -0.0013142676407692634 0.02918998344674581
5.84 -0.0007397782881555713 0.028246094666695698
5.86 -0.00018491523985006007 0.02722849868599282
5.88 0.0003489161385150808 0.026144074326421157
5.9 0.0008604480253554242 0.02499969263779401
5.92 0.001348549719497515 0.023802190269905245
5.94 0.0018122266956761136 0.022558344023419673
5.96 0.0022506191632897365 0.021274846633232182
5.98 0.002663000153542858 0.01995828383089033
6. 0.003048773160963568 0.01861511272583968
6.0200000000000005 0.003407469366015578 0.017251641538517964
6.04 0.0037387444661159223 0.015874010711734672
6.0600000000000005 0.0040423751428353355 0.014488175420329142
6.08 0.004318255193393931 0.013099889492839623
6.1000000000000005 0.004566391354779086 0.011714690752839527
6.12 0.004786898848906682 0.010337887781732993
6.140000000000001 0.004979996677225092 0.008974548099160925
6.16 0.005146002693030729 0.007629487751761766
6.18 0.005285328479526482 0.0063072622958731716
6.2 0.005398474061316513 0.005012159154864379
6.22 0.005486022476598214 0.003748191327155859
6.24 0.00554863423678915 0.00251909241662737
6.26 0.005587041699719484 0.0013283129530437313
6.28 0.005602043381834722 0.00017901796633826894